            0  -25.35456926062 
            0  -25.35456926062 
795.7747114806  23066.66148455 
795.7747114806  23066.66148455 
1591.549422961  46378.47994321 
1591.549422961  46378.47994321 
2387.324134442  70119.34374008 
2387.324134442  70119.34374008 
3183.098845922  93600.84568926 
3183.098845922  93600.84568926 
3978.873557403  117399.6054034 
3978.873557403  117399.6054034 
4774.648268883  141357.7647153 
4774.648268883  141357.7647153 
5570.422980364  165964.3215054 
5570.422980364  165964.3215054 
6366.197691844  190909.4826557 
6366.197691844  190909.4826557 
7161.972403325  216232.689932 
7161.972403325  216232.689932 
7957.747114806  242240.643362 
7957.747114806  242240.643362 
8753.521826286  269036.6854624 
8753.521826286  269036.6854624 
9549.296537767  296675.4474042 
9549.296537767  296675.4474042 
10345.07124925  325343.3181224 
10345.07124925  325343.3181224 
11140.84596073  356070.9132261 
11140.84596073  356070.9132261 
11936.62067221  388537.0966342 
11936.62067221  388537.0966342 
12732.39538369  423895.0066664 
12732.39538369  423895.0066664 
13528.17009517  462880.7387315 
13528.17009517  462880.7387315 
14323.94480665  508242.8160242 
14323.94480665  508242.8160242 
15119.71951813  566290.3181479 
15119.71951813  566290.3181479 
15199.29698928  566106.1742286 
15199.29698928  566106.1742286 
15278.87446043  580146.6507743 
15278.87446043  580146.6507743 
15358.45193157  585103.1970301 
15358.45193157  585103.1970301 
15438.02940272  594703.3761401 
15438.02940272  594703.3761401 
15517.60687387  603250.3975489 
15517.60687387  603250.3975489 
15597.18434502  612829.5008219 
15597.18434502  612829.5008219 
15676.76181617  623259.0346605 
15676.76181617  623259.0346605 
15756.33928732  635975.5245743 
15756.33928732  635975.5245743 
15835.91675846  651285.6476956 
15835.91675846  651285.6476956 
15915.49422961  672917.0101478 
15915.49422961  672917.0101478 
15995.07170076  1697867.314047 
15995.07170076  1697867.314047 
16074.64917191  1697867.462136 
16074.64917191  1697867.462136 
16154.22664306  1697867.592157 
16154.22664306  1697867.592157 
16233.8041142  1697867.713896 
16233.8041142  1697867.713896 
16313.38158535  1697867.834395 
16313.38158535  1697867.834395 
16392.9590565  1697867.951066 
16392.9590565  1697867.951066 
16472.53652765  1697868.073789 
16472.53652765  1697868.073789 
16552.1139988  1697868.189695 
16552.1139988  1697868.189695 
16631.69146994  1697868.30298 
16631.69146994  1697868.30298 
16711.26894109  1697868.419351 
16711.26894109  1697868.419351 
16711.26894109  1697868.43155 
16711.26894109  1697868.43155 
17507.04365257  1697869.401929 
17507.04365257  1697869.401929 
18302.81836405  1697870.272671 
18302.81836405  1697870.272671 
19098.59307553  1697871.077068 
19098.59307553  1697871.077068 
19894.36778701  1697871.973929 
19894.36778701  1697871.973929 
20690.14249849  1697872.897173 
20690.14249849  1697872.897173 
21485.91720998  1697873.596352 
21485.91720998  1697873.596352 
22281.69192146  1697874.46624 
22281.69192146  1697874.46624 
23077.46663294  1697875.321463 
23077.46663294  1697875.321463 
23873.24134442  1697876.204639 
23873.24134442  1697876.204639 
24669.0160559  1697877.127492 
24669.0160559  1697877.127492 
25464.79076738  1697877.971931 
25464.79076738  1697877.971931 
26260.56547886  1697878.790052 
26260.56547886  1697878.790052 
27056.34019034  1697879.665771 
27056.34019034  1697879.665771 
27852.11490182  1697880.494016 
27852.11490182  1697880.494016 
28647.8896133  1697881.308369 
28647.8896133  1697881.308369 
29443.66432478  1697881.969668 
29443.66432478  1697881.969668 
30239.43903626  1697882.831093 
30239.43903626  1697882.831093 
31035.21374774  1697883.875682 
31035.21374774  1697883.875682 
31830.98845922  1697884.722234 
31830.98845922  1697884.722234 
32626.7631707  1697885.510671 
32626.7631707  1697885.510671 
33422.53788218  1697886.382734 
33422.53788218  1697886.382734 
34218.31259366  1697887.117595 
34218.31259366  1697887.117595 
35014.08730514  1697888.028742 
35014.08730514  1697888.028742 
35809.86201663  1697888.88438 
35809.86201663  1697888.88438 
36605.63672811  1697889.543222 
36605.63672811  1697889.543222 
37401.41143959  1697890.50255 
37401.41143959  1697890.50255 
38197.18615107  1697891.154515 
38197.18615107  1697891.154515 
38992.96086255  1697892.092866 
38992.96086255  1697892.092866 
39788.73557403  1697893.058468 
39788.73557403  1697893.058468 
