            0  608111.8318204              0  608111.8318204 
5.006279744776e-12  561537.7900844  95567.17228343  639960.3951849 
1.000937853288e-11  496617.0407323  176236.905521  667823.1820062 
1.500504345533e-11  418949.9485183  237175.0264544  694167.4807492 
        2e-11  334295.9943481  276300.1763714  718740.0136021 
2.501374667407e-11  248886.0719001  293591.8958681  740320.0206729 
3.001330970956e-11  169878.3147102  291076.290134  758135.1978542 
3.500162469096e-11  102374.2344915  272986.3719293  772582.8491138 
4.000777278397e-11  48936.52282441  244337.0907925  784508.1231105 
      4.5e-11  10539.83752016  210457.557917  794493.6119543 
        5e-11  -14173.36990676  175666.9473019  802999.6923459 
5.500607487054e-11  -27418.6370393  143369.0676856  810252.8789845 
6.000883567873e-11  -31962.52055526  115863.1098148  816397.9089579 
6.500314567867e-11  -30688.47246195  94300.51676649  821571.6546597 
7.000814147163e-11  -26197.07421538  78811.76249382  825926.1020115 
7.501047123109e-11  -20649.56315061  68945.71415908  829570.7552493 
8.001845123949e-11  -15652.04914218  63706.39695661  832622.7478807 
8.501271958003e-11  -12279.20899828  61879.04675067  835171.8877043 
9.001733412281e-11  -11065.51585084  62177.07871087  837320.3504787 
      9.5e-11  -12136.72280007  63422.16021183  839132.6602206 
1.000107121219e-10  -15304.58145782  64644.27353092  840691.3509463 
     1.05e-10  -20113.32375914  65095.1082484  842033.2523168 
1.100320632912e-10  -26071.12962064  64290.87535727  843217.3569149 
     1.15e-10  -32450.17996467  62024.01249804  844253.406246 
1.200211126158e-10  -38830.14561319  58223.11572052  845193.1151582 
1.250174488586e-10  -44628.55534934  53077.79336959  846041.0542595 
      1.3e-10  -49498.97089394  46849.80738765   846814.26146 
1.350064851839e-10  -53235.87380121  39813.02574108  847527.7844539 
1.400021587648e-10  -55693.44388302  32358.80940952  848182.3258768 
1.450215861684e-10  -56877.98545085  24767.81916504  848785.9589461 
      1.5e-10  -56861.76498729  17427.74338719  849333.8614532 
1.55011341278e-10  -55790.97893264  10462.88475677  849836.7896137 
1.600253084379e-10  -53841.92157294  4089.564196395  850293.9178372 
     1.65e-10  -51233.5295803  -1541.378229525  850704.9906256 
1.700269573603e-10  -48106.51326604  -6483.602503793  851080.8105061 
     1.75e-10  -44698.57517301  -10633.83845117  851416.9608878 
1.800133644353e-10  -41093.49798712  -14110.45001008  851723.4734969 
1.850102685828e-10  -37447.72047357  -16929.58876249  851999.9866498 
      1.9e-10  -33841.39886072  -19174.07116267  852250.2999443 
     1.95e-10  -30321.14472172  -20928.05961473  852478.0487211 
        2e-10  -26930.48945201  -22260.00803132  852685.1638282 
     2.05e-10  -23687.37049746  -23235.61929611  852873.8172183 
      2.1e-10  -20596.96550976  -23910.11104894  853045.9014873 
     2.15e-10  -17656.58526728  -24327.52438618  853203.0596532 
2.200104667505e-10  -14854.08586026  -24521.57403092  853347.0132245 
     2.25e-10  -12199.59732184  -24516.23178316  853478.1516951 
      2.3e-10  -9670.519546504  -24329.7190195  853598.4359977 
2.350038256528e-10  -7268.03440325  -23974.43828217  853708.6378737 
      2.4e-10  -4997.828524656  -23461.70146633  853809.386443 
     2.45e-10  -2857.717093068  -22799.8755383   853901.71266 
2.500200622242e-10  -847.0256420728  -21995.62550715  853986.5677016 
     2.55e-10  1004.314642779  -21070.36120911  854063.6368518 
      2.6e-10  2712.713437685  -20026.43208835  854134.4880006 
2.650105835689e-10  4267.02634039  -18879.14407323  854199.4750324 
      2.7e-10  5652.912154852  -17652.07767025  854258.7062028 
2.750150114677e-10  6879.833765948  -16350.71813603  854313.1943968 
2.800249884683e-10  7938.315774899  -15000.33568955  854363.0021725 
     2.85e-10  8825.194212099  -13627.09844651  854408.2676395 
2.900256952095e-10  9558.377712762  -12224.42272509  854450.1036942 
2.950614607944e-10  10134.64352897  -10819.79470649  854488.4274841 
3.000526882807e-10  10556.50496132  -9443.405753928  854523.1550313 
     3.05e-10  10836.7321091  -8107.729630362  854554.6500749 
3.100631681599e-10  10991.03807079  -6782.075613478  854584.1025712 
3.150172937663e-10  11022.7752912  -5535.216683688  854610.4242694 
      3.2e-10  10946.52648983  -4339.416456097  854634.6206782 
     3.25e-10  10771.89981236  -3204.736256679  854656.7912861 
      3.3e-10  10509.94239953  -2140.521552876  854677.0490566 
     3.35e-10  10171.24126876  -1150.576880312  854695.5319022 
3.400432752609e-10  9762.371627977  -229.9194217389  854712.5238361 
     3.45e-10  9304.518811776  597.2498449178  854727.7456384 
      3.5e-10  8795.705222728  1352.876778806  854741.7400111 
3.550443003948e-10  8243.633610098  2035.195937109  854754.5808324 
      3.6e-10  7671.634787705  2628.116668705  854766.0702673 
3.650291729667e-10  7068.999020834  3152.810656762  854776.6922011 
      3.7e-10  6458.652831817  3597.085568545  854786.2546371 
3.750464148595e-10  5830.953965796  3974.945019345  854795.0940486 
3.800356377085e-10  5208.659285855  4278.829706478  854803.048555 
3.850069202666e-10  4592.63180871  4515.769066239  854810.2658039 
      3.9e-10  3983.173929789  4691.030110465  854816.8655386 
     3.95e-10  3386.944603687  4807.217810465  854822.8785743 
        4e-10  2809.059854052  4867.970753191  854828.348159 
4.050360671101e-10  2249.369397936  4877.268223885  854833.3560802 
      4.1e-10  1722.897000023  4839.674209082  854837.8438072 
4.150207761159e-10  1218.634515191  4758.755895558  854841.9699432 
      4.2e-10  748.8593780733  4640.236909036  854845.6892932 
4.250063741157e-10  308.7731872379  4487.010091301  854849.0878354 
      4.3e-10  -96.62170668154  4304.452490641  854852.1684487 
     4.35e-10  -468.0225198917  4096.156726477  854854.9723561 
      4.4e-10  -804.347979972  3866.453736953  854857.5205544 
4.450779554732e-10  -1109.874042639  3615.349466714  854859.8720395 
      4.5e-10  -1371.538928752  3358.55591894  854861.9442538 
     4.55e-10  -1603.155168166  3087.760500616  854863.8625607 
      4.6e-10  -1801.024322365  2810.309439392  854865.6077155 
     4.65e-10  -1966.254935131  2529.368341763  854867.1987169 
4.700122939385e-10  -2100.363197996  2247.163201506  854868.6517561 
     4.75e-10  -2203.932050627  1968.435646258  854869.9710201 
4.800410795712e-10  -2279.94584073  1691.297606449  854871.1884975 
     4.85e-10  -2328.337074005  1425.302528597  854872.2840476 
      4.9e-10  -2352.431884556  1165.676761931  854873.2953763 
     4.95e-10  -2353.634896256  916.3211939537  854874.2227457 
5.000191509644e-10  -2333.774307518  677.7823941154  854875.0777062 
     5.05e-10  -2295.164350354  453.9289351432  854875.8570756 
      5.1e-10  -2239.458448608  243.0688446012  854876.5782926 
5.15057385737e-10  -2167.834277266  44.70168751719  854877.2505341 
5.201398871809e-10  -2082.39753654  -138.9643028194  854877.8743869 
     5.25e-10  -1989.894551911  -299.4866326175  854878.4255336 
5.300370070006e-10  -1884.734292532  -450.1267761699  854878.9570293 
     5.35e-10  -1773.582255286  -582.8069401846  854879.4423527 
      5.4e-10  -1655.733959613  -700.840716035  854879.8987099 
     5.45e-10  -1533.570984987  -803.3806987988  854880.3233939 
      5.5e-10  -1408.601037201  -890.8065290393  854880.7192305 
     5.55e-10  -1282.223208895  -963.5886058622  854881.0883117 
5.600305682598e-10  -1154.961102377  -1022.674056999  854881.4380942 
5.650137252622e-10  -1029.961550247  -1067.831675763  854881.7634774 
5.700131362599e-10  -906.6882777636  -1100.473605734  854882.0689075 
     5.75e-10  -786.8162127288  -1121.15244858  854882.3533357 
      5.8e-10  -670.5713793629  -1130.848788565  854882.621516 
     5.85e-10  -559.0259037529  -1130.30771529  854882.8721482 
5.900271088939e-10  -452.2152479416  -1120.404980424  854883.1117478 
     5.95e-10  -352.4189407903  -1102.107333668  854883.3279936 
        6e-10  -258.3350892208  -1076.220869443  854883.5348621 
     6.05e-10  -170.8691617393  -1043.662568071  854883.7304738 
6.100140906151e-10  -90.06849001685  -1005.166984246  854883.913019 
     6.15e-10  -16.77208380568  -961.9051225733  854884.0775784 
      6.2e-10  49.62990785561  -914.4238430619  854884.2345152 
     6.25e-10  109.0126847966  -863.6707301548  854884.3850264 
      6.3e-10  161.2410632906  -810.2806883707  854884.5223159 
     6.35e-10  206.5025420359  -755.0173753943  854884.6486423 
6.400515040951e-10  245.3482164065  -697.9779104919  854884.7628754 
     6.45e-10  277.0033305764  -641.5797947787  854884.8722748 
      6.5e-10  302.7313414616  -584.5904532706  854884.9773074 
6.55071056112e-10  322.6542470457  -527.3310005559  854885.0740177 
      6.6e-10  336.4787324708  -472.6745855627  854885.1630492 
     6.65e-10  345.5197443755  -418.580302168  854885.2650299 
      6.7e-10  349.4664173152  -366.2672394087  854885.3559573 
     6.75e-10  348.8167447166  -316.0554311471  854885.4345989 
6.80133477485e-10  343.7361951376  -267.0335082596  854885.5027885 
     6.85e-10  335.2069401467  -223.1695810431  854885.5563234 
      6.9e-10  323.0862686909  -180.9491680618  854885.6012507 
     6.95e-10  307.9883760701  -141.7461368968  854885.6373772 
        7e-10  290.3285970094  -105.6400192697  854885.6663005 
     7.05e-10  270.4588476749  -72.73631258442  854885.6894303 
7.101333717777e-10  248.1328530119  -42.38022645683  854885.7079618 
     7.15e-10  225.5456090649  -16.78605726076  854885.721185 
      7.2e-10  201.2514231139  6.325448967345  854885.7307178 
7.250067899188e-10   176.14685532  26.27038668814  854885.7374941 
      7.3e-10  150.6428227799  43.1352303262  854885.7490086 
     7.35e-10  124.8584799881  57.39595866793  854885.7795538 
      7.4e-10  99.05055127492  68.77145187661  854885.8065841 
     7.45e-10  73.47223630979  77.44585790661  854885.8282016 
      7.5e-10  48.34959859622  83.54003560213  854885.8434443 
     7.55e-10  23.88000938236  87.22745118242  854885.852661 
      7.6e-10  0.2519465806649  88.63877383968  854885.8564592 
     7.65e-10  -22.37893741254  87.96167206039  854885.8556966 
7.702191778667e-10  -44.80222974017  85.24249628384  854885.8509661 
     7.75e-10  -64.17224844211  81.13698172474  854885.8439323 
      7.8e-10  -83.14351959409  75.36362566652  854885.8345692 
     7.85e-10  -100.7076083366  68.23805397086  854885.8239548 
      7.9e-10  -116.8308874321  59.96020895991  854885.8124682 
     7.95e-10  -131.4870621813  50.71134452138  854885.8005253 
        8e-10  -144.6764405887  40.66946055803  854885.7883254 
8.052199047866e-10  -156.8677742593  29.50707487984  854885.7754654 
8.077712356652e-10  -162.2338187712  23.8490319856  854885.7692078 
