3.078590e-12 0.998210 0.004699 0.019900 0.998999 -0.001892 0.016507 
5.734300e-12 0.997472 0.009188 0.022448 0.998132 -0.003520 0.015702 
8.321220e-12 0.997593 0.014117 0.025403 0.997731 -0.005146 0.014937 
1.089900e-11 0.997713 0.019724 0.028910 0.997683 -0.006839 0.014216 
1.347230e-11 0.997526 0.026111 0.033068 0.997810 -0.008636 0.013554 
1.603600e-11 0.997130 0.033373 0.037973 0.997989 -0.010567 0.012952 
1.861340e-11 0.996601 0.041738 0.043801 0.998167 -0.012688 0.012399 
2.118630e-11 0.995881 0.051354 0.050660 0.998308 -0.015027 0.011897 
2.376250e-11 0.994842 0.062476 0.058741 0.998386 -0.017638 0.011450 
2.633260e-11 0.993360 0.075310 0.068214 0.998389 -0.020568 0.011066 
2.890120e-11 0.991292 0.090153 0.079324 0.998320 -0.023884 0.010756 
3.147310e-11 0.988439 0.107361 0.092365 0.998195 -0.027668 0.010530 
3.405010e-11 0.984513 0.127320 0.107667 0.998028 -0.032015 0.010404 
3.662540e-11 0.979136 0.150380 0.125546 0.997824 -0.037016 0.010392 
3.919510e-11 0.971800 0.176909 0.146357 0.997575 -0.042780 0.010512 
4.177210e-11 0.961768 0.207459 0.170636 0.997259 -0.049474 0.010785 
4.434870e-11 0.948141 0.242323 0.198784 0.996845 -0.057238 0.011232 
4.693250e-11 0.929671 0.281878 0.231361 0.996290 -0.066275 0.011880 
4.950900e-11 0.904958 0.325934 0.268624 0.995543 -0.076732 0.012753 
5.208720e-11 0.872118 0.374273 0.311037 0.994533 -0.088852 0.013881 
5.466520e-11 0.829071 0.425909 0.358776 0.993174 -0.102851 0.015293 
5.723590e-11 0.773801 0.478871 0.411631 0.991362 -0.118901 0.017007 
5.980890e-11 0.704181 0.530434 0.469377 0.988957 -0.137253 0.019043 
6.236970e-11 0.619499 0.576188 0.530819 0.985816 -0.157934 0.021377 
6.492310e-11 0.520028 0.611098 0.594691 0.981767 -0.181011 0.023961 
6.748530e-11 0.407492 0.629637 0.659570 0.976605 -0.206562 0.026711 
7.003420e-11 0.287759 0.626459 0.722694 0.970219 -0.234143 0.029434 
7.259180e-11 0.167105 0.598123 0.782233 0.962451 -0.263611 0.031905 
7.513710e-11 0.055292 0.544456 0.835509 0.953334 -0.294223 0.033781 
7.768340e-11 -0.039574 0.468503 0.881180 0.942885 -0.325573 0.034686 
8.022970e-11 -0.110477 0.376749 0.918346 0.931232 -0.357100 0.034189 
8.276310e-11 -0.153471 0.278263 0.946834 0.918616 -0.388164 0.031875 
8.530160e-11 -0.168882 0.181226 0.967522 0.905130 -0.418613 0.027362 
8.784100e-11 -0.159702 0.093515 0.981429 0.890951 -0.448116 0.020381 
9.037750e-11 -0.131290 0.020792 0.989837 0.876216 -0.476435 0.010821 
9.291900e-11 -0.089876 -0.034107 0.994084 0.860954 -0.503526 -0.001311 
9.545460e-11 -0.041936 -0.070253 0.995364 0.845269 -0.529187 -0.015770 
9.799050e-11 0.007104 -0.088950 0.994729 0.829138 -0.553443 -0.032267 
1.005270e-10 0.052903 -0.092607 0.993015 0.812556 -0.576297 -0.050406 
1.030610e-10 0.092330 -0.084348 0.990868 0.795541 -0.597746 -0.069708 
1.056030e-10 0.123731 -0.067455 0.988739 0.777990 -0.617962 -0.089819 
1.081600e-10 0.146327 -0.045039 0.986928 0.759825 -0.637085 -0.110381 
1.107180e-10 0.160038 -0.020109 0.985623 0.741111 -0.655123 -0.130912 
1.132820e-10 0.165644 0.004929 0.984888 0.721787 -0.672234 -0.151138 
1.158460e-10 0.164342 0.028143 0.984713 0.701860 -0.688512 -0.170792 
1.184100e-10 0.157608 0.048225 0.985032 0.681308 -0.704067 -0.189721 
1.209740e-10 0.146994 0.064409 0.985743 0.660113 -0.718987 -0.207843 
1.235380e-10 0.133993 0.076407 0.986733 0.638268 -0.733332 -0.225140 
1.261010e-10 0.119938 0.084322 0.987892 0.615776 -0.747126 -0.241640 
1.286650e-10 0.105934 0.088553 0.989118 0.592654 -0.760366 -0.257407 
1.312280e-10 0.092824 0.089697 0.990327 0.568931 -0.773023 -0.272529 
1.337910e-10 0.081180 0.088457 0.991458 0.544649 -0.785049 -0.287103 
1.363540e-10 0.071321 0.085561 0.992467 0.519862 -0.796382 -0.301229 
1.389160e-10 0.063339 0.081700 0.993332 0.494632 -0.806960 -0.315000 
1.414790e-10 0.057151 0.077474 0.994044 0.469027 -0.816718 -0.328497 
1.440420e-10 0.052539 0.073369 0.994608 0.443118 -0.825600 -0.341789 
1.466060e-10 0.049206 0.069736 0.995039 0.416971 -0.833561 -0.354927 
1.491690e-10 0.046818 0.066802 0.995355 0.390663 -0.840564 -0.367941 
1.517320e-10 0.045041 0.064672 0.995576 0.364259 -0.846588 -0.380849 
1.542960e-10 0.043567 0.063351 0.995726 0.337812 -0.851626 -0.393659 
1.568590e-10 0.042141 0.062771 0.995824 0.311379 -0.855678 -0.406363 
1.594230e-10 0.040562 0.062809 0.995886 0.285004 -0.858755 -0.418948 
1.619860e-10 0.038696 0.063315 0.995928 0.258728 -0.860875 -0.431394 
1.645500e-10 0.036464 0.064128 0.995959 0.232583 -0.862061 -0.443684 
1.671130e-10 0.033840 0.065096 0.995988 0.206600 -0.862339 -0.455796 
1.696770e-10 0.030843 0.066082 0.996020 0.180801 -0.861736 -0.467712 
1.722400e-10 0.027517 0.066977 0.996056 0.155211 -0.860278 -0.479417 
1.748040e-10 0.023931 0.067700 0.996099 0.129849 -0.857993 -0.490899 
1.773680e-10 0.020161 0.068198 0.996148 0.104738 -0.854904 -0.502150 
1.799310e-10 0.016283 0.068446 0.996201 0.079893 -0.851034 -0.513168 
1.824950e-10 0.012371 0.068439 0.996257 0.055338 -0.846404 -0.523949 
1.850590e-10 0.008486 0.068193 0.996314 0.031093 -0.841035 -0.534498 
1.876230e-10 0.004677 0.067734 0.996370 0.007178 -0.834945 -0.544816 
1.901860e-10 0.000979 0.067094 0.996423 -0.016384 -0.828152 -0.554909 
1.927500e-10 -0.002584 0.066311 0.996472 -0.039573 -0.820674 -0.564784 
1.953140e-10 -0.006002 0.065420 0.996516 -0.062368 -0.812530 -0.574447 
1.978770e-10 -0.009273 0.064454 0.996553 -0.084746 -0.803739 -0.583902 
2.004410e-10 -0.012404 0.063437 0.996584 -0.106689 -0.794319 -0.593157 
2.030050e-10 -0.015405 0.062392 0.996608 -0.128175 -0.784292 -0.602216 
2.055680e-10 -0.018289 0.061333 0.996625 -0.149187 -0.773679 -0.611082 
2.081320e-10 -0.021070 0.060268 0.996634 -0.169706 -0.762503 -0.619758 
2.106950e-10 -0.023761 0.059202 0.996637 -0.189716 -0.750787 -0.628249 
2.132580e-10 -0.026373 0.058133 0.996634 -0.209203 -0.738555 -0.636554 
2.158220e-10 -0.028914 0.057059 0.996626 -0.228153 -0.725832 -0.644678 
2.183850e-10 -0.031389 0.055977 0.996612 -0.246552 -0.712643 -0.652620 
2.209480e-10 -0.033803 0.054879 0.996594 -0.264391 -0.699015 -0.660384 
2.235120e-10 -0.036156 0.053763 0.996572 -0.281659 -0.684971 -0.667970 
2.260750e-10 -0.038446 0.052622 0.996547 -0.298347 -0.670539 -0.675380 
2.286380e-10 -0.040671 0.051454 0.996520 -0.314448 -0.655744 -0.682618 
2.312010e-10 -0.042828 0.050258 0.996490 -0.329954 -0.640612 -0.689684 
2.337640e-10 -0.044912 0.049031 0.996460 -0.344860 -0.625167 -0.696584 
2.363270e-10 -0.046919 0.047776 0.996428 -0.359160 -0.609434 -0.703318 
2.388900e-10 -0.048847 0.046493 0.996396 -0.372852 -0.593439 -0.709892 
2.414530e-10 -0.050691 0.045185 0.996364 -0.385931 -0.577205 -0.716309 
2.440160e-10 -0.052450 0.043855 0.996333 -0.398395 -0.560756 -0.722572 
2.465790e-10 -0.054122 0.042506 0.996302 -0.410242 -0.544116 -0.728687 
2.491410e-10 -0.055705 0.041141 0.996272 -0.421473 -0.527308 -0.734657 
2.517040e-10 -0.057200 0.039765 0.996243 -0.432086 -0.510354 -0.740486 
2.542670e-10 -0.058607 0.038379 0.996216 -0.442084 -0.493276 -0.746180 
2.568300e-10 -0.059926 0.036987 0.996190 -0.451466 -0.476096 -0.751742 
2.593930e-10 -0.061159 0.035591 0.996166 -0.460237 -0.458835 -0.757176 
2.619550e-10 -0.062306 0.034195 0.996144 -0.468399 -0.441515 -0.762488 
2.645180e-10 -0.063369 0.032798 0.996124 -0.475957 -0.424154 -0.767681 
2.670810e-10 -0.064349 0.031404 0.996107 -0.482914 -0.406773 -0.772759 
2.696430e-10 -0.065248 0.030013 0.996091 -0.489276 -0.389391 -0.777727 
2.722060e-10 -0.066067 0.028627 0.996078 -0.495049 -0.372025 -0.782588 
2.747680e-10 -0.066807 0.027247 0.996068 -0.500241 -0.354695 -0.787346 
2.773310e-10 -0.067469 0.025874 0.996060 -0.504857 -0.337417 -0.792004 
2.798940e-10 -0.068054 0.024508 0.996055 -0.508906 -0.320208 -0.796567 
2.824570e-10 -0.068565 0.023151 0.996052 -0.512396 -0.303080 -0.801038 
2.850200e-10 -0.069001 0.021804 0.996053 -0.515336 -0.286052 -0.805419 
2.875830e-10 -0.069364 0.020468 0.996056 -0.517734 -0.269139 -0.809714 
2.901470e-10 -0.069655 0.019143 0.996062 -0.519600 -0.252356 -0.813925 
2.927100e-10 -0.069876 0.017830 0.996071 -0.520944 -0.235717 -0.818056 
2.952730e-10 -0.070027 0.016531 0.996083 -0.521776 -0.219234 -0.822107 
2.978360e-10 -0.070110 0.015247 0.996098 -0.522106 -0.202921 -0.826083 
3.003990e-10 -0.070126 0.013978 0.996115 -0.521945 -0.186789 -0.829984 
3.029630e-10 -0.070076 0.012725 0.996135 -0.521304 -0.170849 -0.833813 
3.055260e-10 -0.069963 0.011490 0.996159 -0.520195 -0.155114 -0.837573 
3.080890e-10 -0.069788 0.010272 0.996184 -0.518628 -0.139593 -0.841264 
3.106520e-10 -0.069551 0.009073 0.996212 -0.516616 -0.124296 -0.844889 
3.132150e-10 -0.069256 0.007893 0.996243 -0.514170 -0.109234 -0.848448 
3.157790e-10 -0.068903 0.006734 0.996276 -0.511302 -0.094415 -0.851944 
3.183420e-10 -0.068494 0.005595 0.996311 -0.508025 -0.079849 -0.855377 
3.209050e-10 -0.068031 0.004478 0.996349 -0.504350 -0.065542 -0.858748 
3.234680e-10 -0.067515 0.003383 0.996388 -0.500290 -0.051505 -0.862059 
3.260310e-10 -0.066949 0.002310 0.996429 -0.495857 -0.037743 -0.865311 
3.285940e-10 -0.066333 0.001260 0.996472 -0.491064 -0.024264 -0.868504 
3.311570e-10 -0.065669 0.000233 0.996517 -0.485924 -0.011074 -0.871639 
3.337200e-10 -0.064960 -0.000770 0.996563 -0.480449 0.001820 -0.874717 
3.362830e-10 -0.064207 -0.001749 0.996611 -0.474652 0.014413 -0.877739 
3.388460e-10 -0.063411 -0.002703 0.996659 -0.468546 0.026698 -0.880705 
3.414090e-10 -0.062575 -0.003632 0.996709 -0.462143 0.038672 -0.883615 
3.439720e-10 -0.061699 -0.004536 0.996760 -0.455456 0.050329 -0.886471 
3.465350e-10 -0.060787 -0.005415 0.996812 -0.448499 0.061665 -0.889272 
3.490980e-10 -0.059838 -0.006267 0.996864 -0.441284 0.072675 -0.892020 
3.516610e-10 -0.058856 -0.007094 0.996917 -0.433824 0.083357 -0.894714 
3.542240e-10 -0.057841 -0.007894 0.996970 -0.426132 0.093708 -0.897356 
3.567870e-10 -0.056796 -0.008668 0.997023 -0.418221 0.103724 -0.899945 
3.593500e-10 -0.055723 -0.009416 0.997077 -0.410103 0.113403 -0.902481 
3.619130e-10 -0.054622 -0.010136 0.997131 -0.401791 0.122743 -0.904966 
3.644760e-10 -0.053495 -0.010830 0.997185 -0.393299 0.131742 -0.907400 
3.670390e-10 -0.052345 -0.011496 0.997238 -0.384637 0.140399 -0.909783 
3.696010e-10 -0.051173 -0.012135 0.997291 -0.375820 0.148714 -0.912115 
3.721640e-10 -0.049981 -0.012748 0.997344 -0.366859 0.156685 -0.914398 
3.747270e-10 -0.048770 -0.013333 0.997396 -0.357767 0.164312 -0.916631 
3.772900e-10 -0.047542 -0.013891 0.997447 -0.348556 0.171596 -0.918814 
3.798530e-10 -0.046298 -0.014422 0.997498 -0.339237 0.178536 -0.920950 
3.824150e-10 -0.045041 -0.014925 0.997548 -0.329823 0.185135 -0.923037 
3.849780e-10 -0.043772 -0.015402 0.997597 -0.320326 0.191392 -0.925076 
3.875410e-10 -0.042492 -0.015853 0.997646 -0.310757 0.197310 -0.927068 
3.901030e-10 -0.041202 -0.016276 0.997693 -0.301127 0.202891 -0.929013 
3.926660e-10 -0.039906 -0.016674 0.997739 -0.291448 0.208135 -0.930913 
3.952290e-10 -0.038603 -0.017044 0.997784 -0.281730 0.213047 -0.932766 
3.977910e-10 -0.037295 -0.017389 0.997827 -0.271985 0.217629 -0.934575 
4.003540e-10 -0.035985 -0.017709 0.997870 -0.262223 0.221884 -0.936340 
4.029170e-10 -0.034672 -0.018002 0.997911 -0.252453 0.225815 -0.938061 
4.054800e-10 -0.033359 -0.018271 0.997950 -0.242687 0.229426 -0.939739 
4.080430e-10 -0.032047 -0.018515 0.997989 -0.232935 0.232722 -0.941374 
4.106060e-10 -0.030738 -0.018734 0.998026 -0.223205 0.235705 -0.942967 
4.131690e-10 -0.029432 -0.018929 0.998061 -0.213509 0.238381 -0.944519 
4.157320e-10 -0.028131 -0.019100 0.998095 -0.203854 0.240754 -0.946030 
4.182950e-10 -0.026836 -0.019248 0.998128 -0.194250 0.242829 -0.947502 
4.208580e-10 -0.025549 -0.019373 0.998159 -0.184705 0.244612 -0.948934 
4.234210e-10 -0.024270 -0.019476 0.998189 -0.175228 0.246107 -0.950328 
4.259840e-10 -0.023000 -0.019556 0.998218 -0.165826 0.247321 -0.951683 
4.285470e-10 -0.021741 -0.019615 0.998245 -0.156508 0.248259 -0.953002 
4.311090e-10 -0.020494 -0.019653 0.998270 -0.147281 0.248926 -0.954284 
4.336720e-10 -0.019259 -0.019670 0.998294 -0.138152 0.249330 -0.955531 
4.362350e-10 -0.018038 -0.019667 0.998317 -0.129128 0.249476 -0.956742 
4.387980e-10 -0.016832 -0.019645 0.998339 -0.120216 0.249371 -0.957919 
4.413610e-10 -0.015641 -0.019603 0.998359 -0.111421 0.249021 -0.959062 
4.439230e-10 -0.014466 -0.019543 0.998378 -0.102751 0.248433 -0.960173 
4.464860e-10 -0.013308 -0.019465 0.998395 -0.094210 0.247613 -0.961251 
4.490490e-10 -0.012168 -0.019369 0.998412 -0.085804 0.246569 -0.962298 
4.516120e-10 -0.011046 -0.019257 0.998427 -0.077538 0.245307 -0.963315 
4.541750e-10 -0.009943 -0.019128 0.998441 -0.069418 0.243833 -0.964301 
4.567380e-10 -0.008861 -0.018983 0.998454 -0.061447 0.242157 -0.965258 
4.593010e-10 -0.007798 -0.018823 0.998466 -0.053630 0.240283 -0.966186 
4.618640e-10 -0.006757 -0.018649 0.998477 -0.045971 0.238220 -0.967087 
4.644260e-10 -0.005737 -0.018461 0.998486 -0.038474 0.235974 -0.967960 
4.669890e-10 -0.004739 -0.018259 0.998495 -0.031142 0.233552 -0.968807 
4.695520e-10 -0.003764 -0.018044 0.998504 -0.023979 0.230963 -0.969628 
4.721150e-10 -0.002811 -0.017817 0.998511 -0.016987 0.228212 -0.970425 
4.746780e-10 -0.001882 -0.017578 0.998517 -0.010168 0.225308 -0.971196 
4.772410e-10 -0.000976 -0.017327 0.998523 -0.003526 0.222256 -0.971944 
4.798030e-10 -0.000093 -0.017067 0.998528 0.002938 0.219065 -0.972669 
4.823660e-10 0.000765 -0.016796 0.998532 0.009221 0.215741 -0.973372 
4.849290e-10 0.001598 -0.016515 0.998536 0.015323 0.212292 -0.974052 
4.874920e-10 0.002407 -0.016226 0.998539 0.021242 0.208723 -0.974712 
4.900540e-10 0.003192 -0.015928 0.998542 0.026976 0.205043 -0.975351 
4.926170e-10 0.003951 -0.015622 0.998544 0.032526 0.201258 -0.975970 
4.951800e-10 0.004686 -0.015309 0.998545 0.037889 0.197375 -0.976570 
4.977420e-10 0.005396 -0.014989 0.998547 0.043067 0.193400 -0.977152 
5.003050e-10 0.006080 -0.014663 0.998548 0.048058 0.189340 -0.977715 
5.028680e-10 0.006740 -0.014331 0.998548 0.052862 0.185201 -0.978260 
5.054300e-10 0.007374 -0.013994 0.998549 0.057480 0.180990 -0.978789 
5.079930e-10 0.007984 -0.013651 0.998549 0.061912 0.176714 -0.979302 
5.105560e-10 0.008568 -0.013305 0.998549 0.066159 0.172378 -0.979798 
5.131180e-10 0.009128 -0.012955 0.998548 0.070222 0.167988 -0.980279 
5.156810e-10 0.009663 -0.012601 0.998548 0.074100 0.163551 -0.980745 
5.182430e-10 0.010173 -0.012245 0.998547 0.077797 0.159072 -0.981197 
5.208060e-10 0.010659 -0.011886 0.998547 0.081311 0.154557 -0.981635 
5.233690e-10 0.011120 -0.011525 0.998546 0.084646 0.150012 -0.982060 
5.259310e-10 0.011558 -0.011162 0.998545 0.087803 0.145442 -0.982472 
5.284940e-10 0.011971 -0.010798 0.998544 0.090783 0.140852 -0.982871 
5.310560e-10 0.012361 -0.010434 0.998543 0.093589 0.136249 -0.983259 
5.336190e-10 0.012728 -0.010069 0.998542 0.096221 0.131636 -0.983634 
5.361810e-10 0.013071 -0.009704 0.998542 0.098683 0.127019 -0.983999 
5.387440e-10 0.013392 -0.009339 0.998541 0.100977 0.122402 -0.984352 
5.413060e-10 0.013690 -0.008976 0.998540 0.103104 0.117791 -0.984696 
5.438690e-10 0.013966 -0.008613 0.998540 0.105068 0.113189 -0.985029 
5.464310e-10 0.014220 -0.008252 0.998539 0.106871 0.108602 -0.985352 
5.489940e-10 0.014453 -0.007892 0.998539 0.108516 0.104034 -0.985666 
5.515560e-10 0.014664 -0.007535 0.998538 0.110004 0.099488 -0.985972 
5.541190e-10 0.014855 -0.007180 0.998538 0.111340 0.094968 -0.986268 
5.566820e-10 0.015025 -0.006828 0.998538 0.112526 0.090480 -0.986556 
5.592440e-10 0.015176 -0.006478 0.998538 0.113565 0.086025 -0.986836 
5.618070e-10 0.015307 -0.006132 0.998539 0.114461 0.081608 -0.987108 
5.643700e-10 0.015418 -0.005789 0.998539 0.115215 0.077233 -0.987373 
5.669320e-10 0.015511 -0.005451 0.998539 0.115832 0.072902 -0.987630 
5.694950e-10 0.015586 -0.005116 0.998540 0.116314 0.068618 -0.987880 
5.720580e-10 0.015643 -0.004785 0.998541 0.116665 0.064386 -0.988123 
5.746210e-10 0.015682 -0.004459 0.998542 0.116888 0.060207 -0.988360 
5.771830e-10 0.015705 -0.004137 0.998543 0.116986 0.056084 -0.988591 
5.797460e-10 0.015711 -0.003821 0.998544 0.116964 0.052021 -0.988815 
5.823090e-10 0.015700 -0.003509 0.998545 0.116823 0.048019 -0.989034 
5.848710e-10 0.015675 -0.003202 0.998547 0.116569 0.044081 -0.989247 
5.874340e-10 0.015634 -0.002901 0.998548 0.116203 0.040209 -0.989454 
5.899970e-10 0.015578 -0.002606 0.998550 0.115731 0.036405 -0.989656 
5.925600e-10 0.015508 -0.002316 0.998552 0.115154 0.032671 -0.989852 
5.951220e-10 0.015425 -0.002032 0.998554 0.114477 0.029009 -0.990044 
5.976850e-10 0.015328 -0.001754 0.998556 0.113703 0.025421 -0.990231 
6.002480e-10 0.015218 -0.001481 0.998558 0.112836 0.021908 -0.990413 
6.028100e-10 0.015096 -0.001215 0.998560 0.111879 0.018471 -0.990590 
6.053730e-10 0.014963 -0.000956 0.998562 0.110835 0.015113 -0.990763 
6.079360e-10 0.014817 -0.000702 0.998565 0.109709 0.011833 -0.990931 
6.104980e-10 0.014661 -0.000455 0.998567 0.108503 0.008634 -0.991096 
6.130610e-10 0.014495 -0.000215 0.998570 0.107221 0.005517 -0.991256 
6.156240e-10 0.014318 0.000019 0.998572 0.105866 0.002481 -0.991412 
6.181870e-10 0.014132 0.000246 0.998575 0.104443 -0.000471 -0.991565 
6.207490e-10 0.013937 0.000467 0.998577 0.102954 -0.003340 -0.991714 
6.233120e-10 0.013733 0.000681 0.998580 0.101402 -0.006124 -0.991858 
6.258750e-10 0.013521 0.000888 0.998583 0.099791 -0.008824 -0.992000 
6.284370e-10 0.013301 0.001088 0.998586 0.098125 -0.011439 -0.992138 
6.310000e-10 0.013074 0.001282 0.998588 0.096406 -0.013968 -0.992272 
6.335630e-10 0.012840 0.001469 0.998591 0.094637 -0.016412 -0.992403 
6.361260e-10 0.012600 0.001649 0.998594 0.092823 -0.018770 -0.992531 
6.386880e-10 0.012353 0.001823 0.998597 0.090966 -0.021043 -0.992656 
6.412510e-10 0.012101 0.001989 0.998599 0.089069 -0.023230 -0.992777 
6.438140e-10 0.011844 0.002149 0.998602 0.087135 -0.025332 -0.992896 
6.463760e-10 0.011583 0.002302 0.998605 0.085167 -0.027349 -0.993012 
6.489390e-10 0.011316 0.002449 0.998608 0.083168 -0.029281 -0.993124 
6.515020e-10 0.011046 0.002589 0.998610 0.081142 -0.031129 -0.993234 
6.540640e-10 0.010772 0.002722 0.998613 0.079090 -0.032893 -0.993341 
6.566270e-10 0.010496 0.002849 0.998615 0.077016 -0.034573 -0.993445 
6.591900e-10 0.010216 0.002970 0.998618 0.074923 -0.036172 -0.993547 
6.617520e-10 0.009934 0.003084 0.998620 0.072813 -0.037688 -0.993646 
6.643150e-10 0.009649 0.003191 0.998623 0.070688 -0.039123 -0.993742 
6.668780e-10 0.009363 0.003292 0.998625 0.068552 -0.040478 -0.993836 
6.694400e-10 0.009076 0.003388 0.998628 0.066406 -0.041753 -0.993928 
6.720030e-10 0.008787 0.003476 0.998630 0.064254 -0.042950 -0.994017 
6.745650e-10 0.008498 0.003559 0.998632 0.062098 -0.044070 -0.994104 
6.771280e-10 0.008208 0.003636 0.998634 0.059939 -0.045113 -0.994188 
6.796910e-10 0.007918 0.003707 0.998636 0.057781 -0.046080 -0.994270 
6.822530e-10 0.007628 0.003773 0.998638 0.055625 -0.046974 -0.994350 
6.848160e-10 0.007339 0.003832 0.998640 0.053473 -0.047794 -0.994428 
6.873790e-10 0.007050 0.003886 0.998642 0.051328 -0.048543 -0.994504 
6.899410e-10 0.006763 0.003935 0.998644 0.049192 -0.049221 -0.994577 
6.925040e-10 0.006476 0.003978 0.998646 0.047066 -0.049830 -0.994649 
6.950670e-10 0.006192 0.004016 0.998647 0.044953 -0.050370 -0.994718 
6.976290e-10 0.005909 0.004049 0.998649 0.042854 -0.050845 -0.994786 
7.001920e-10 0.005628 0.004076 0.998650 0.040771 -0.051254 -0.994852 
7.027550e-10 0.005349 0.004099 0.998652 0.038705 -0.051600 -0.994915 
7.053170e-10 0.005073 0.004117 0.998653 0.036659 -0.051883 -0.994977 
7.078800e-10 0.004799 0.004130 0.998654 0.034633 -0.052106 -0.995038 
7.104430e-10 0.004528 0.004139 0.998656 0.032630 -0.052269 -0.995096 
7.130060e-10 0.004261 0.004143 0.998657 0.030650 -0.052374 -0.995153 
7.155680e-10 0.003996 0.004143 0.998658 0.028695 -0.052423 -0.995208 
7.181310e-10 0.003735 0.004139 0.998659 0.026767 -0.052418 -0.995261 
7.206940e-10 0.003478 0.004130 0.998660 0.024866 -0.052359 -0.995313 
7.232560e-10 0.003224 0.004118 0.998661 0.022993 -0.052249 -0.995364 
7.258190e-10 0.002975 0.004102 0.998662 0.021151 -0.052089 -0.995412 
7.283820e-10 0.002729 0.004082 0.998662 0.019339 -0.051880 -0.995460 
7.309450e-10 0.002488 0.004058 0.998663 0.017559 -0.051624 -0.995506 
7.335070e-10 0.002251 0.004031 0.998664 0.015811 -0.051323 -0.995550 
7.360700e-10 0.002018 0.004001 0.998664 0.014098 -0.050979 -0.995593 
7.386330e-10 0.001790 0.003968 0.998665 0.012418 -0.050592 -0.995635 
7.411960e-10 0.001566 0.003931 0.998666 0.010773 -0.050165 -0.995676 
7.437590e-10 0.001348 0.003891 0.998666 0.009165 -0.049699 -0.995715 
7.463210e-10 0.001134 0.003849 0.998666 0.007592 -0.049196 -0.995753 
7.488840e-10 0.000925 0.003804 0.998667 0.006057 -0.048656 -0.995790 
7.514470e-10 0.000721 0.003756 0.998667 0.004559 -0.048083 -0.995825 
7.540100e-10 0.000522 0.003706 0.998667 0.003099 -0.047477 -0.995860 
7.565720e-10 0.000328 0.003653 0.998668 0.001677 -0.046840 -0.995893 
7.591350e-10 0.000140 0.003599 0.998668 0.000294 -0.046173 -0.995926 
7.616980e-10 -0.000044 0.003542 0.998668 -0.001050 -0.045478 -0.995957 
7.642610e-10 -0.000222 0.003483 0.998668 -0.002355 -0.044757 -0.995988 
7.668230e-10 -0.000395 0.003422 0.998669 -0.003620 -0.044011 -0.996017 
7.693860e-10 -0.000562 0.003360 0.998669 -0.004846 -0.043241 -0.996046 
7.719490e-10 -0.000724 0.003296 0.998669 -0.006031 -0.042449 -0.996073 
7.745120e-10 -0.000881 0.003230 0.998669 -0.007177 -0.041636 -0.996100 
7.770740e-10 -0.001033 0.003163 0.998669 -0.008284 -0.040804 -0.996126 
7.796370e-10 -0.001179 0.003094 0.998669 -0.009350 -0.039954 -0.996151 
7.822000e-10 -0.001319 0.003025 0.998669 -0.010376 -0.039088 -0.996175 
7.847620e-10 -0.001455 0.002954 0.998669 -0.011363 -0.038206 -0.996199 
7.873250e-10 -0.001585 0.002882 0.998669 -0.012310 -0.037311 -0.996221 
7.898880e-10 -0.001710 0.002810 0.998669 -0.013218 -0.036403 -0.996243 
7.924500e-10 -0.001829 0.002736 0.998669 -0.014086 -0.035484 -0.996265 
7.950130e-10 -0.001943 0.002662 0.998669 -0.014915 -0.034555 -0.996285 
7.975750e-10 -0.002052 0.002588 0.998669 -0.015706 -0.033617 -0.996305 
8.001380e-10 -0.002156 0.002512 0.998669 -0.016458 -0.032671 -0.996325 
8.027010e-10 -0.002255 0.002437 0.998669 -0.017172 -0.031720 -0.996343 
8.052630e-10 -0.002348 0.002361 0.998669 -0.017848 -0.030763 -0.996362 
8.078260e-10 -0.002437 0.002285 0.998669 -0.018487 -0.029802 -0.996379 
8.103880e-10 -0.002520 0.002208 0.998669 -0.019088 -0.028837 -0.996396 
8.129510e-10 -0.002599 0.002132 0.998669 -0.019654 -0.027871 -0.996413 
8.155140e-10 -0.002673 0.002055 0.998669 -0.020183 -0.026904 -0.996429 
8.180760e-10 -0.002742 0.001979 0.998669 -0.020676 -0.025938 -0.996445 
8.206390e-10 -0.002806 0.001903 0.998669 -0.021135 -0.024972 -0.996460 
8.232010e-10 -0.002865 0.001827 0.998669 -0.021559 -0.024008 -0.996474 
8.257640e-10 -0.002920 0.001751 0.998669 -0.021949 -0.023047 -0.996489 
8.283260e-10 -0.002970 0.001676 0.998669 -0.022305 -0.022090 -0.996502 
8.308890e-10 -0.003016 0.001601 0.998669 -0.022629 -0.021138 -0.996516 
8.334520e-10 -0.003058 0.001527 0.998669 -0.022920 -0.020192 -0.996529 
8.360140e-10 -0.003095 0.001453 0.998669 -0.023180 -0.019251 -0.996541 
8.385770e-10 -0.003128 0.001380 0.998669 -0.023409 -0.018318 -0.996554 
8.411400e-10 -0.003157 0.001307 0.998669 -0.023607 -0.017393 -0.996566 
8.437020e-10 -0.003181 0.001235 0.998669 -0.023776 -0.016477 -0.996577 
8.462650e-10 -0.003202 0.001164 0.998669 -0.023916 -0.015569 -0.996588 
8.488270e-10 -0.003219 0.001094 0.998669 -0.024027 -0.014672 -0.996599 
8.513900e-10 -0.003233 0.001025 0.998669 -0.024111 -0.013785 -0.996610 
8.539530e-10 -0.003242 0.000957 0.998669 -0.024168 -0.012910 -0.996620 
8.565150e-10 -0.003248 0.000889 0.998669 -0.024198 -0.012046 -0.996630 
8.590780e-10 -0.003251 0.000823 0.998669 -0.024204 -0.011194 -0.996640 
8.616410e-10 -0.003250 0.000758 0.998669 -0.024184 -0.010356 -0.996650 
8.642030e-10 -0.003246 0.000693 0.998669 -0.024140 -0.009530 -0.996659 
8.667660e-10 -0.003238 0.000630 0.998669 -0.024073 -0.008719 -0.996668 
8.693290e-10 -0.003228 0.000568 0.998669 -0.023984 -0.007921 -0.996677 
8.718910e-10 -0.003215 0.000508 0.998669 -0.023872 -0.007139 -0.996685 
8.744540e-10 -0.003198 0.000448 0.998669 -0.023739 -0.006371 -0.996694 
8.770170e-10 -0.003179 0.000390 0.998669 -0.023586 -0.005618 -0.996702 
8.795790e-10 -0.003158 0.000333 0.998669 -0.023414 -0.004882 -0.996710 
8.821420e-10 -0.003133 0.000277 0.998670 -0.023222 -0.004161 -0.996717 
8.847050e-10 -0.003106 0.000222 0.998670 -0.023012 -0.003457 -0.996725 
8.872670e-10 -0.003077 0.000169 0.998670 -0.022785 -0.002769 -0.996732 
8.898300e-10 -0.003045 0.000117 0.998670 -0.022541 -0.002097 -0.996739 
8.923930e-10 -0.003012 0.000067 0.998670 -0.022281 -0.001443 -0.996746 
8.949560e-10 -0.002976 0.000018 0.998670 -0.022006 -0.000806 -0.996753 
8.975180e-10 -0.002938 -0.000030 0.998670 -0.021716 -0.000186 -0.996760 
9.000810e-10 -0.002898 -0.000076 0.998670 -0.021412 0.000416 -0.996766 
9.026440e-10 -0.002857 -0.000121 0.998670 -0.021095 0.001001 -0.996772 
9.052060e-10 -0.002813 -0.000165 0.998671 -0.020766 0.001568 -0.996778 
9.077690e-10 -0.002768 -0.000207 0.998671 -0.020425 0.002117 -0.996784 
9.103320e-10 -0.002722 -0.000247 0.998671 -0.020073 0.002649 -0.996790 
9.128940e-10 -0.002674 -0.000287 0.998671 -0.019710 0.003163 -0.996796 
9.154570e-10 -0.002624 -0.000325 0.998671 -0.019337 0.003659 -0.996801 
9.180200e-10 -0.002574 -0.000361 0.998671 -0.018956 0.004137 -0.996807 
9.205830e-10 -0.002522 -0.000396 0.998671 -0.018566 0.004597 -0.996812 
9.231450e-10 -0.002469 -0.000430 0.998671 -0.018168 0.005040 -0.996817 
9.257080e-10 -0.002415 -0.000462 0.998672 -0.017763 0.005464 -0.996822 
9.282710e-10 -0.002361 -0.000493 0.998672 -0.017352 0.005871 -0.996827 
9.308340e-10 -0.002305 -0.000522 0.998672 -0.016934 0.006261 -0.996832 
9.333960e-10 -0.002249 -0.000551 0.998672 -0.016512 0.006633 -0.996836 
9.359590e-10 -0.002191 -0.000577 0.998672 -0.016084 0.006988 -0.996841 
9.385210e-10 -0.002134 -0.000603 0.998672 -0.015652 0.007325 -0.996845 
9.410840e-10 -0.002076 -0.000627 0.998672 -0.015217 0.007646 -0.996849 
9.436470e-10 -0.002017 -0.000650 0.998672 -0.014778 0.007950 -0.996854 
9.462090e-10 -0.001958 -0.000671 0.998672 -0.014337 0.008236 -0.996858 
9.487720e-10 -0.001898 -0.000691 0.998673 -0.013894 0.008507 -0.996862 
9.513350e-10 -0.001839 -0.000710 0.998673 -0.013449 0.008761 -0.996865 
9.538970e-10 -0.001779 -0.000728 0.998673 -0.013004 0.008998 -0.996869 
9.564600e-10 -0.001719 -0.000744 0.998673 -0.012557 0.009220 -0.996873 
9.590230e-10 -0.001659 -0.000759 0.998673 -0.012111 0.009426 -0.996876 
9.615850e-10 -0.001599 -0.000773 0.998673 -0.011665 0.009617 -0.996880 
9.641480e-10 -0.001539 -0.000786 0.998673 -0.011220 0.009793 -0.996883 
9.667110e-10 -0.001480 -0.000798 0.998673 -0.010776 0.009953 -0.996886 
9.692730e-10 -0.001420 -0.000808 0.998673 -0.010333 0.010099 -0.996890 
9.718360e-10 -0.001361 -0.000817 0.998673 -0.009893 0.010230 -0.996893 
9.743980e-10 -0.001302 -0.000826 0.998673 -0.009455 0.010348 -0.996896 
9.769610e-10 -0.001243 -0.000833 0.998673 -0.009020 0.010451 -0.996899 
9.795240e-10 -0.001185 -0.000839 0.998673 -0.008589 0.010541 -0.996901 
9.820870e-10 -0.001127 -0.000844 0.998674 -0.008160 0.010617 -0.996904 
9.846490e-10 -0.001070 -0.000848 0.998674 -0.007736 0.010681 -0.996907 
9.872120e-10 -0.001013 -0.000851 0.998674 -0.007316 0.010732 -0.996909 
9.897750e-10 -0.000957 -0.000853 0.998674 -0.006900 0.010770 -0.996912 
9.923370e-10 -0.000901 -0.000855 0.998674 -0.006489 0.010796 -0.996914 
9.949000e-10 -0.000847 -0.000855 0.998674 -0.006084 0.010811 -0.996917 
9.974630e-10 -0.000792 -0.000854 0.998674 -0.005683 0.010814 -0.996919 
1.000030e-09 -0.000739 -0.000853 0.998674 -0.005289 0.010806 -0.996921 
1.002590e-09 -0.000686 -0.000851 0.998674 -0.004900 0.010788 -0.996923 
1.005150e-09 -0.000634 -0.000848 0.998674 -0.004517 0.010759 -0.996926 
1.007710e-09 -0.000583 -0.000844 0.998674 -0.004140 0.010719 -0.996928 
1.010280e-09 -0.000533 -0.000839 0.998674 -0.003770 0.010670 -0.996930 
1.012840e-09 -0.000484 -0.000834 0.998674 -0.003407 0.010612 -0.996932 
1.015400e-09 -0.000436 -0.000828 0.998674 -0.003050 0.010544 -0.996933 
1.017960e-09 -0.000388 -0.000821 0.998674 -0.002701 0.010468 -0.996935 
1.020530e-09 -0.000342 -0.000814 0.998674 -0.002358 0.010383 -0.996937 
1.023090e-09 -0.000296 -0.000806 0.998674 -0.002023 0.010289 -0.996939 
1.025650e-09 -0.000252 -0.000797 0.998674 -0.001696 0.010188 -0.996940 
1.028220e-09 -0.000208 -0.000788 0.998674 -0.001376 0.010080 -0.996942 
1.030780e-09 -0.000165 -0.000779 0.998674 -0.001064 0.009964 -0.996943 
1.033340e-09 -0.000124 -0.000768 0.998674 -0.000760 0.009842 -0.996945 
1.035900e-09 -0.000084 -0.000758 0.998674 -0.000463 0.009713 -0.996946 
1.038470e-09 -0.000044 -0.000747 0.998674 -0.000175 0.009578 -0.996948 
1.041030e-09 -0.000006 -0.000735 0.998674 0.000106 0.009436 -0.996949 
1.043590e-09 0.000031 -0.000723 0.998674 0.000378 0.009290 -0.996950 
1.046150e-09 0.000067 -0.000711 0.998674 0.000642 0.009138 -0.996952 
1.048720e-09 0.000102 -0.000698 0.998674 0.000899 0.008981 -0.996953 
1.051280e-09 0.000136 -0.000685 0.998674 0.001146 0.008819 -0.996954 
1.053840e-09 0.000169 -0.000671 0.998674 0.001386 0.008653 -0.996955 
1.056410e-09 0.000201 -0.000658 0.998674 0.001617 0.008483 -0.996956 
1.058970e-09 0.000231 -0.000644 0.998674 0.001841 0.008309 -0.996957 
1.061530e-09 0.000261 -0.000629 0.998674 0.002056 0.008131 -0.996958 
1.064090e-09 0.000289 -0.000615 0.998674 0.002262 0.007951 -0.996959 
1.066660e-09 0.000316 -0.000600 0.998674 0.002461 0.007767 -0.996960 
1.069220e-09 0.000342 -0.000585 0.998674 0.002651 0.007581 -0.996961 
1.071780e-09 0.000367 -0.000570 0.998674 0.002834 0.007392 -0.996962 
1.074340e-09 0.000391 -0.000555 0.998674 0.003008 0.007201 -0.996963 
1.076910e-09 0.000414 -0.000540 0.998674 0.003174 0.007008 -0.996964 
1.079470e-09 0.000436 -0.000524 0.998674 0.003332 0.006814 -0.996965 
1.082030e-09 0.000457 -0.000509 0.998674 0.003482 0.006618 -0.996966 
1.084590e-09 0.000477 -0.000493 0.998674 0.003625 0.006421 -0.996966 
1.087160e-09 0.000495 -0.000477 0.998674 0.003760 0.006223 -0.996967 
1.089720e-09 0.000513 -0.000462 0.998674 0.003887 0.006025 -0.996968 
1.092280e-09 0.000529 -0.000446 0.998674 0.004006 0.005825 -0.996969 
1.094850e-09 0.000545 -0.000430 0.998674 0.004118 0.005626 -0.996969 
1.097410e-09 0.000560 -0.000414 0.998674 0.004223 0.005427 -0.996970 
1.099970e-09 0.000573 -0.000399 0.998674 0.004320 0.005227 -0.996971 
1.102530e-09 0.000586 -0.000383 0.998674 0.004410 0.005028 -0.996971 
1.105100e-09 0.000598 -0.000367 0.998674 0.004494 0.004830 -0.996972 
1.107660e-09 0.000608 -0.000352 0.998674 0.004570 0.004632 -0.996973 
1.110220e-09 0.000618 -0.000336 0.998674 0.004639 0.004436 -0.996973 
1.112780e-09 0.000627 -0.000321 0.998674 0.004702 0.004240 -0.996974 
1.115350e-09 0.000635 -0.000306 0.998674 0.004758 0.004045 -0.996974 
1.117910e-09 0.000642 -0.000290 0.998674 0.004808 0.003852 -0.996975 
1.120470e-09 0.000648 -0.000275 0.998674 0.004851 0.003661 -0.996975 
1.123030e-09 0.000654 -0.000261 0.998674 0.004888 0.003471 -0.996976 
1.125600e-09 0.000659 -0.000246 0.998674 0.004919 0.003283 -0.996976 
1.128160e-09 0.000662 -0.000231 0.998674 0.004945 0.003098 -0.996977 
1.130720e-09 0.000665 -0.000217 0.998674 0.004964 0.002914 -0.996977 
1.133280e-09 0.000668 -0.000203 0.998674 0.004978 0.002732 -0.996978 
1.135850e-09 0.000669 -0.000189 0.998674 0.004986 0.002553 -0.996978 
1.138410e-09 0.000670 -0.000175 0.998674 0.004989 0.002377 -0.996978 
1.140970e-09 0.000670 -0.000161 0.998674 0.004987 0.002203 -0.996979 
1.143540e-09 0.000669 -0.000148 0.998674 0.004980 0.002031 -0.996979 
1.146100e-09 0.000668 -0.000135 0.998674 0.004968 0.001863 -0.996980 
1.148660e-09 0.000666 -0.000122 0.998674 0.004952 0.001697 -0.996980 
1.151220e-09 0.000664 -0.000110 0.998674 0.004930 0.001535 -0.996980 
1.153790e-09 0.000661 -0.000097 0.998674 0.004905 0.001375 -0.996981 
1.156350e-09 0.000657 -0.000085 0.998674 0.004875 0.001219 -0.996981 
1.158910e-09 0.000653 -0.000073 0.998674 0.004841 0.001066 -0.996981 
1.161470e-09 0.000648 -0.000062 0.998674 0.004803 0.000916 -0.996982 
1.164040e-09 0.000643 -0.000050 0.998674 0.004761 0.000769 -0.996982 
1.166600e-09 0.000637 -0.000039 0.998674 0.004715 0.000626 -0.996982 
1.169160e-09 0.000630 -0.000028 0.998674 0.004666 0.000486 -0.996983 
1.171720e-09 0.000624 -0.000018 0.998674 0.004614 0.000350 -0.996983 
1.174290e-09 0.000616 -0.000008 0.998674 0.004559 0.000217 -0.996983 
1.176850e-09 0.000609 0.000002 0.998674 0.004500 0.000088 -0.996984 
1.179410e-09 0.000601 0.000012 0.998674 0.004438 -0.000037 -0.996984 
1.181980e-09 0.000592 0.000021 0.998674 0.004374 -0.000159 -0.996984 
1.184540e-09 0.000583 0.000030 0.998674 0.004307 -0.000278 -0.996984 
1.187100e-09 0.000574 0.000039 0.998674 0.004238 -0.000392 -0.996985 
1.189660e-09 0.000565 0.000048 0.998674 0.004166 -0.000503 -0.996985 
1.192230e-09 0.000555 0.000056 0.998674 0.004092 -0.000611 -0.996985 
1.194790e-09 0.000545 0.000064 0.998674 0.004016 -0.000714 -0.996985 
1.197350e-09 0.000535 0.000071 0.998674 0.003938 -0.000814 -0.996986 
1.199910e-09 0.000524 0.000079 0.998674 0.003859 -0.000911 -0.996986 
1.202480e-09 0.000513 0.000086 0.998674 0.003777 -0.001003 -0.996986 
1.205040e-09 0.000502 0.000093 0.998674 0.003694 -0.001092 -0.996986 
1.207600e-09 0.000491 0.000099 0.998674 0.003610 -0.001178 -0.996986 
1.210170e-09 0.000480 0.000105 0.998674 0.003524 -0.001259 -0.996987 
1.212730e-09 0.000468 0.000111 0.998674 0.003438 -0.001338 -0.996987 
1.215290e-09 0.000456 0.000117 0.998674 0.003350 -0.001412 -0.996987 
1.217850e-09 0.000444 0.000122 0.998674 0.003261 -0.001483 -0.996987 
1.220420e-09 0.000433 0.000127 0.998674 0.003172 -0.001550 -0.996987 
1.222980e-09 0.000420 0.000132 0.998674 0.003082 -0.001614 -0.996988 
1.225540e-09 0.000408 0.000137 0.998674 0.002991 -0.001675 -0.996988 
1.228100e-09 0.000396 0.000141 0.998674 0.002900 -0.001732 -0.996988 
1.230670e-09 0.000384 0.000145 0.998674 0.002808 -0.001786 -0.996988 
1.233230e-09 0.000371 0.000149 0.998674 0.002716 -0.001836 -0.996988 
1.235790e-09 0.000359 0.000152 0.998674 0.002624 -0.001883 -0.996988 
1.238350e-09 0.000347 0.000155 0.998674 0.002532 -0.001927 -0.996989 
1.240920e-09 0.000334 0.000158 0.998674 0.002440 -0.001967 -0.996989 
1.243480e-09 0.000322 0.000161 0.998674 0.002348 -0.002005 -0.996989 
1.246040e-09 0.000310 0.000163 0.998674 0.002257 -0.002039 -0.996989 
1.248610e-09 0.000297 0.000166 0.998674 0.002165 -0.002070 -0.996989 
1.251170e-09 0.000285 0.000168 0.998674 0.002075 -0.002098 -0.996989 
1.253730e-09 0.000273 0.000170 0.998674 0.001984 -0.002124 -0.996989 
1.256290e-09 0.000261 0.000171 0.998674 0.001894 -0.002146 -0.996990 
1.258860e-09 0.000249 0.000172 0.998674 0.001805 -0.002166 -0.996990 
1.261420e-09 0.000237 0.000174 0.998674 0.001716 -0.002182 -0.996990 
1.263980e-09 0.000225 0.000174 0.998675 0.001629 -0.002197 -0.996990 
1.266540e-09 0.000213 0.000175 0.998675 0.001542 -0.002208 -0.996990 
1.269110e-09 0.000202 0.000176 0.998674 0.001456 -0.002217 -0.996990 
1.271670e-09 0.000190 0.000176 0.998674 0.001371 -0.002223 -0.996990 
1.274230e-09 0.000179 0.000176 0.998674 0.001286 -0.002227 -0.996990 
1.276790e-09 0.000168 0.000176 0.998674 0.001204 -0.002229 -0.996990 
1.279360e-09 0.000157 0.000176 0.998674 0.001122 -0.002228 -0.996991 
1.281920e-09 0.000146 0.000176 0.998675 0.001041 -0.002225 -0.996991 
1.284480e-09 0.000135 0.000175 0.998675 0.000962 -0.002220 -0.996991 
1.287050e-09 0.000124 0.000174 0.998675 0.000884 -0.002213 -0.996991 
1.289610e-09 0.000114 0.000173 0.998675 0.000807 -0.002203 -0.996991 
1.292170e-09 0.000104 0.000172 0.998675 0.000731 -0.002192 -0.996991 
1.294730e-09 0.000094 0.000171 0.998674 0.000657 -0.002179 -0.996991 
1.297300e-09 0.000084 0.000170 0.998674 0.000585 -0.002164 -0.996991 
1.299860e-09 0.000074 0.000168 0.998674 0.000513 -0.002147 -0.996991 
1.302420e-09 0.000065 0.000167 0.998675 0.000444 -0.002128 -0.996991 
1.304980e-09 0.000055 0.000165 0.998675 0.000376 -0.002108 -0.996991 
1.307550e-09 0.000046 0.000163 0.998674 0.000309 -0.002086 -0.996991 
1.310110e-09 0.000038 0.000161 0.998675 0.000244 -0.002063 -0.996991 
1.312670e-09 0.000029 0.000159 0.998675 0.000181 -0.002039 -0.996992 
1.315240e-09 0.000020 0.000157 0.998675 0.000119 -0.002012 -0.996992 
1.317800e-09 0.000012 0.000155 0.998675 0.000059 -0.001985 -0.996992 
1.320360e-09 0.000004 0.000152 0.998675 0.000001 -0.001956 -0.996992 
1.322920e-09 -0.000003 0.000150 0.998675 -0.000056 -0.001927 -0.996992 
1.325490e-09 -0.000011 0.000147 0.998675 -0.000111 -0.001896 -0.996992 
1.328050e-09 -0.000018 0.000145 0.998675 -0.000165 -0.001864 -0.996992 
1.330610e-09 -0.000025 0.000142 0.998675 -0.000217 -0.001831 -0.996992 
1.333170e-09 -0.000032 0.000139 0.998675 -0.000267 -0.001797 -0.996992 
1.335740e-09 -0.000039 0.000137 0.998675 -0.000315 -0.001762 -0.996992 
1.338300e-09 -0.000045 0.000134 0.998675 -0.000362 -0.001727 -0.996992 
1.340860e-09 -0.000051 0.000131 0.998675 -0.000407 -0.001690 -0.996992 
1.343430e-09 -0.000057 0.000128 0.998675 -0.000450 -0.001653 -0.996992 
1.345990e-09 -0.000063 0.000125 0.998675 -0.000491 -0.001616 -0.996992 
1.348550e-09 -0.000068 0.000122 0.998675 -0.000531 -0.001578 -0.996992 
1.351110e-09 -0.000074 0.000119 0.998675 -0.000570 -0.001539 -0.996992 
1.353680e-09 -0.000079 0.000116 0.998675 -0.000606 -0.001500 -0.996992 
1.356240e-09 -0.000084 0.000112 0.998675 -0.000641 -0.001460 -0.996992 
1.358800e-09 -0.000088 0.000109 0.998675 -0.000674 -0.001420 -0.996992 
1.361360e-09 -0.000093 0.000106 0.998675 -0.000706 -0.001380 -0.996992 
1.363930e-09 -0.000097 0.000103 0.998675 -0.000736 -0.001339 -0.996992 
1.366490e-09 -0.000101 0.000100 0.998675 -0.000764 -0.001299 -0.996992 
1.369050e-09 -0.000104 0.000096 0.998675 -0.000791 -0.001258 -0.996993 
1.371610e-09 -0.000108 0.000093 0.998675 -0.000816 -0.001217 -0.996993 
1.374180e-09 -0.000111 0.000090 0.998675 -0.000840 -0.001176 -0.996993 
1.376740e-09 -0.000114 0.000087 0.998675 -0.000862 -0.001135 -0.996993 
1.379300e-09 -0.000117 0.000083 0.998675 -0.000883 -0.001093 -0.996993 
1.381860e-09 -0.000120 0.000080 0.998675 -0.000902 -0.001052 -0.996993 
1.384430e-09 -0.000122 0.000077 0.998675 -0.000920 -0.001011 -0.996993 
1.386990e-09 -0.000125 0.000074 0.998675 -0.000936 -0.000971 -0.996993 
1.389550e-09 -0.000127 0.000071 0.998675 -0.000951 -0.000930 -0.996993 
1.392120e-09 -0.000129 0.000067 0.998675 -0.000964 -0.000890 -0.996993 
1.394680e-09 -0.000130 0.000064 0.998675 -0.000976 -0.000849 -0.996993 
1.397240e-09 -0.000132 0.000061 0.998675 -0.000987 -0.000809 -0.996993 
