            0  0.9998476951564              0  0.01745240643732  0.9998476951564              0  0.01745240643732 
        5e-11  0.8977028640075  0.3366875319336  0.2792949449487  0.9952388555411  -0.08001072451866  0.01303352301706 
5.067838551587e-11  0.8893675676114  0.3492829525126  0.2903180341757  0.9949805406523  -0.08316244885626  0.01331742462858 
5.237434930555e-11  0.8656701875163  0.3819170554112  0.3194790107933  0.9942384598385  -0.09158971361567  0.01410954421949 
5.407031309523e-11  0.8373905288603  0.4158977298155  0.3509539909995  0.9933367329843  -0.1008509344304  0.01502564654871 
5.576627688491e-11  0.8038960260557  0.4507121950765  0.384727034043  0.9922438574184  -0.1110091307318  0.01607279581156 
5.746224067459e-11  0.7645816618311  0.4856435447794  0.4207183255614  0.9909235046881  -0.1221238920952  0.01725623700769 
5.900400190021e-11  0.7233496314511  0.5167087812615  0.4552315833579  0.9894911058596  -0.133102638671  0.01845217835218 
5.992895286962e-11  0.6959760743093  0.5346628304655  0.4766843499894  0.9885111715716  -0.1401030691816  0.01922410121453 
6.085390383903e-11  0.6665759879543  0.5518369657862  0.4986372402748  0.9874309332773  -0.1474208741467  0.02003567548147 
6.177885480843e-11  0.6351408353138  0.5679929523796  0.5210317158657  0.9862421176796  -0.1550597544167  0.02088515765361 
6.270380577784e-11  0.6016925948455  0.5828762648751  0.5438005896734  0.9849362280734  -0.1630216170334  0.02177003254371 
6.362875674725e-11  0.5662879545925  0.5962197344287  0.5668680204676  0.9835046341498  -0.1713063258191  0.02268689992925 
6.455370771665e-11  0.5290224004912  0.6077485203743  0.5901499367951  0.9819387058478  -0.1799114777432  0.02363136794298 
6.547865868606e-11  0.4900334436818  0.6171861629696  0.6135545060198  0.980229955508  -0.1888322085997  0.02459794957551 
6.626486701005e-11  0.4556721985926  0.6233614134236  0.6334712288438  0.9786591077626  -0.1966574353297  0.02543198155271 
6.666570835437e-11  0.4377668877912  0.6258022137441  0.6436121099709  0.9778147229202  -0.2007308663582  0.02586002675631 
6.73599262054e-11  0.4062167124983  0.6288219259037  0.6611201955158  0.9762805179622  -0.2079159456566  0.02660315453243 
6.805414405644e-11  0.3740842142893  0.6302279509469  0.6785188369317  0.9746528076864  -0.2152613218808  0.0273451278032 
6.874836190747e-11  0.341501281529  0.6299320903988  0.6957604719161  0.9729289533766  -0.22276045806  0.02808149698903 
6.944257975851e-11  0.3086126448001  0.6278580643936  0.7127970038193  0.9711066383325  -0.2304059713167  0.02880736652514 
7.013679760954e-11  0.275574665743  0.6239435526686  0.7295803100959  0.9691839110703  -0.2381896754746  0.02951739543851 
7.083101546058e-11  0.2425538100079  0.6181420671468  0.7460627808028  0.9671592234929  -0.2461026363308  0.03020580008837 
7.152523331161e-11  0.2097247985445  0.6104246200345  0.7621978888638  0.9650314636662  -0.2541352413827  0.03086636154171 
7.221945116265e-11  0.1772684589202  0.6007811248536  0.7779407777659  0.9627999818553  -0.2622772830907  0.03149243785106 
7.291366901368e-11  0.1453693121797  0.5892214740072  0.7932488480749  0.9604646086173  -0.2705180540812  0.03207698146131 
7.360788686472e-11  0.1142129389426  0.5757762354751  0.8080823315098  0.9580256639545  -0.278846452118  0.03261256211874 
7.430210471575e-11  0.0839831968184  0.5604969332704  0.8224048148279  0.9554839569062  -0.2872510921335  0.03309139549533 
7.499632256679e-11  0.05485935528232  0.5434558737398  0.8361837076709  0.9528407757031  -0.2957204224376  0.03350537759638 
7.569054041782e-11  0.02701320552875  0.5247455470156  0.8493906489313  0.950097865517  -0.3042428413015  0.03384612761012 
7.638475826886e-11  0.0006062667668159  0.504477527898  0.8620017696111  0.9472574009139  -0.3128068112903  0.03410503470836 
7.707897611989e-11  -0.02421273891683  0.4827809305504  0.8739979659172  0.9443219459964  -0.321400970654  0.03427331320381 
7.777319397093e-11  -0.04731033120448  0.4598005794422  0.8853649290877  0.9412944091046  -0.3300142292697  0.03434206517174 
7.846741182196e-11  -0.06857028552231  0.4356947514719  0.8960931686683  0.9381779894933  -0.3386358604264  0.03430234912059 
7.9161629673e-11  -0.08789527328636  0.4106326932112  0.9061779143953  0.93497612067  -0.3472555763738  0.03414525467408 
7.985584752403e-11  -0.1052080819975  0.3847919565782  0.9156189332805  0.9316924105097  -0.3558635902946  0.03386198230893 
8.055006537507e-11  -0.1204523864597  0.3583556355048  0.9244202763715  0.9283305803564  -0.3644506632744  0.03344392694662 
8.12442832261e-11  -0.133592871449  0.3315095594399  0.9325900110381  0.9248943947577  -0.3730081611023  0.03288276665084 
8.193850107714e-11  -0.1446155343355  0.3044396400693  0.9401397631336  0.9213876245544  -0.3815280186121  0.03217053839245 
8.263271892817e-11  -0.1535269870693  0.2773292369156  0.9470844403682  0.9178139844276  -0.3900027715899  0.03129973644347 
8.332693677921e-11  -0.1603535518894  0.2503567759132  0.9534417349494  0.914177095607  -0.3984255192485  0.03026339232251 
8.402115463024e-11  -0.1651399479849  0.223693523978  0.9592318344927  0.9104804211668  -0.4067899603404  0.02905515074182 
8.471537248128e-11  -0.1679478366561  0.1975017366187  0.9644769590357  0.9067272495259  -0.4150903432941  0.02766934564711 
8.540959033231e-11  -0.1688543116807  0.1719329927826  0.9692010534594  0.9029206576746  -0.4233214317589  0.02610105977892 
8.610380818335e-11  -0.1679499472532  0.1471269405769  0.9734293047609  0.899063494419  -0.431478475452  0.0243461804585 
8.679802603439e-11  -0.1653370558894  0.1232101837656  0.977187939982  0.8951583638511  -0.4395571679592  0.02240144417425 
8.749224388542e-11  -0.1611276626144  0.1002956470695  0.9805037911226  0.8912076214122  -0.4475536196115  0.02026447162923 
8.818646173646e-11  -0.1554416232666  0.0784820304517  0.9834040659258  0.887213371362  -0.4554643173326  0.01793379098362 
8.888067958749e-11  -0.1484046234308  0.05785359274136  0.9859160894894  0.8831774733961  -0.4632860910223  0.01540886400539 
8.957489743853e-11  -0.140146707405  0.03848023619358  0.9880670528726  0.8791015539906  -0.4710160650751  0.01269005016107 
9.026911528956e-11  -0.1308002842497  0.02041770723231  0.9898838055039  0.8749869761708  -0.4786517314273  0.009778656940719 
9.09633331406e-11  -0.1204985159339  0.003707897402467  0.9913927134449  0.8708349586048  -0.4861907994029  0.006676790331058 
9.165755099163e-11  -0.1093741358142  -0.01162045405025  0.9926194801551  0.8666464869813  -0.4936312171718  0.003387515874607 
9.235176884267e-11  -0.09755796119283  -0.02555118013462  0.9935890418233  0.8624223819723  -0.5009711804816  -8.530012394336e-05 
9.30459866937e-11  -0.08517789475075  -0.03807979372738  0.9943254533658  0.8581632379357  -0.5082092309133  -0.003737016914193 
9.374020454474e-11  -0.07235794585244  -0.04921269717249  0.9948518195756  0.8538696223028  -0.5153439443772  -0.007562309635887 
9.443442239577e-11  -0.05921696670665  -0.05896653138096  0.9951902566205  0.8495418898934  -0.5223742765385  -0.01155513004736 
9.512864024681e-11  -0.04586788734437  -0.06736723045145  0.9953618161141  0.8451802012951  -0.5292995352305  -0.0157087446064 
9.582285809784e-11  -0.03241762362654  -0.07444878483666  0.9953864353047  0.8407847467892  -0.5361190411902  -0.02001591788232 
9.651707594888e-11  -0.01896643702046  -0.08025245360925  0.9952829296426  0.8363556124803  -0.5428323621156  -0.02446893589625 
9.721129379991e-11  -0.005607664197202  -0.08482570931293  0.9950689947271  0.8318927908567  -0.5494393176846  -0.02905966293342 
9.790551165095e-11  0.007572595269781  -0.08822146393533  0.9947611985678  0.8273962149235  -0.5559399424843  -0.03377961392956 
9.859972950198e-11  0.02049561587499  -0.09049719169288  0.9943749933571  0.8228657610434  -0.5623344892916  -0.03862001372808 
9.929394735302e-11  0.03309004741441  -0.09171404688652  0.9939247328789  0.8183012500007  -0.568623436098  -0.04357187108677 
9.998816520405e-11  0.0452918640042  -0.09193608921726  0.993423695126  0.8137024647575  -0.5748074657224  -0.04862604106127 
        1e-10  0.04549614331789  -0.09193161922702  0.9934147834991  0.8136237684622  -0.574911983225  -0.04871303758297 
1.002657179569e-10  0.05004760097882  -0.09176095110162  0.9932118921033  0.8118542082749  -0.5772506933162  -0.05067332980616 
1.011247785926e-10  0.06427612849064  -0.09032635325389  0.9925253303238  0.8060983732517  -0.5847082694401  -0.05709764627564 
1.02046066414e-10  0.07863723385871  -0.0874015546766  0.9917541510027  0.7998658989296  -0.5925324977703  -0.06411932002021 
1.029673542354e-10  0.09198454423667  -0.08319937795191  0.9909682497974  0.7935707969866  -0.6001805012729  -0.07125662034311 
1.038886420568e-10  0.1042506503122  -0.0778803718921  0.9901867749421  0.7872121012617  -0.6076563320755  -0.07848840146701 
1.048099298783e-10  0.1153872146528  -0.07160283167188  0.9894261124426  0.7807887586378  -0.6149645410666  -0.08579411814043 
1.057312176997e-10  0.1253630051359  -0.06452073621392  0.9887001218784  0.7742996552384  -0.6221101139808  -0.09315395574998 
1.066525055211e-10  0.1341630626559  -0.05678287898901  0.9880202257856  0.7677436012671  -0.6290985018245  -0.1005488601691 
1.075737933425e-10  0.1417868137448  -0.04853123699501  0.987395631346  0.7611193473433  -0.6359354455838  -0.1079608246551 
1.08495081164e-10  0.1482467246674  -0.03990011499552  0.986833510953  0.7544256152164  -0.6426269123898  -0.115372943209 
1.094163689854e-10  0.1535669090117  -0.03101546617263  0.9863391550932  0.7476610849316  -0.64917905085  -0.1227694863334 
1.103376568068e-10  0.1577817706368  -0.02199436964972  0.9859161589879  0.7408244074728  -0.655598140581  -0.1301359133975 
1.112589446282e-10  0.1609348016328  -0.0129446495726  0.985566530003  0.7339141605333  -0.6618904943479  -0.1374590319178 
1.121802324497e-10  0.1630767618422  -0.003964316912331  0.9852909655257  0.726929035831  -0.6680622797675  -0.1447269015737 
1.131015202711e-10  0.1642648741025  0.004858309586359  0.9850889197211  0.7198677618098  -0.6741194928385  -0.1519289386777 
1.140228080925e-10  0.1645614088873  0.01344469458802  0.9849588160537  0.7127290719403  -0.6800679832411  -0.1590558338238 
1.149440959139e-10  0.1640324847987  0.02172600464448  0.9848981865604  0.7055117577628  -0.6859133345086  -0.1660995586774 
1.158653837353e-10  0.162747177868  0.02964297754611  0.9849037934068  0.6982147003175  -0.6916607786655  -0.1730533534992 
1.167866715568e-10  0.1607766530756  0.03714542632723  0.9849717543376  0.6908368336107  -0.697315216255  -0.1799116585641 
1.177079593782e-10  0.158192741991  0.04419260986985  0.9850977318159  0.6833773964664  -0.7028809329936  -0.1866700953304 
1.186292471996e-10  0.155067601621  0.05075193101782  0.9852769919518  0.675835502155  -0.7083619882724  -0.1933253904104 
1.196463585418e-10  0.1510750676748  0.05739784896949  0.9855307244126  0.6674126304886  -0.7143189861331  -0.2005504417149 
1.210467639667e-10  0.1448155964724  0.06548918089292  0.9859633834305  0.6556489295291  -0.7223659567177  -0.210285327136 
1.224471693917e-10  0.1378856246915  0.07233377922519  0.9864758126459  0.6436912344178  -0.7302405403495  -0.2197736442708 
1.238475748167e-10  0.1305069533151  0.07794106627094  0.9870497409574  0.6315398779085  -0.7379476063391  -0.2290193236132 
1.252479802417e-10  0.1228823972874  0.08235076619946  0.9876676254908  0.6191966718493  -0.745489024497  -0.238029698177 
1.266483856667e-10  0.115191707789  0.08562727792126  0.9883132354697  0.6066643385902  -0.7528641616035  -0.2468153687389 
1.280487910917e-10  0.1075930408823  0.08785391094465  0.9889716875761  0.59394663914  -0.7600701421802  -0.2553889985755 
1.294491965167e-10  0.100221245769  0.08912898034845  0.9896296888853  0.5810485902402  -0.7671019764133  -0.2637648257371 
1.308496019417e-10  0.09318665385206  0.08956183846721  0.9902757548873  0.5679764841856  -0.7739527992029  -0.2719582407646 
1.322500073667e-10  0.08657614914312  0.08926811919712  0.9909002103425  0.5547375131309  -0.7806144158465  -0.2799852959676 
1.336504127917e-10  0.08045348763589  0.08836638834029  0.9914952027204  0.5413400409306  -0.7870774627631  -0.287862183644 
1.350508182167e-10  0.0748609470345  0.08697447991828  0.9920546435429  0.5277932425826  -0.7933318720011  -0.2956049846763 
1.364512236417e-10  0.06982111031583  0.08520649996581  0.9925741175773  0.5141070745831  -0.7993672103804  -0.3032291123453 
1.378516290667e-10  0.06533840133656  0.08317063887922  0.9930507388736  0.5002920935208  -0.8051729320095  -0.310749367865 
1.392520344917e-10  0.06140245621106  0.08096645613032  0.993482958403  0.4863594978528  -0.8107387562665  -0.3181791290891 
1.406524399167e-10  0.05798894264526  0.07868433082123  0.9938704820773  0.4723207457587  -0.8160547603081  -0.3255309525289 
1.420528453417e-10  0.05506359179446  0.07640321474852  0.994214017513  0.4581875564627  -0.8211118277537  -0.332815652816 
1.434532507667e-10  0.052583307877  0.07419101809664  0.9945151306658  0.4439716895441  -0.8259015917588  -0.3400428577559 
1.448536561916e-10  0.05049894956089  0.07210385924894  0.9947760580541  0.4296847811841  -0.8304166937743  -0.3472207028904 
1.462540616166e-10  0.04875773554695  0.07018608981408  0.9949995561764  0.4153383320617  -0.8346508380467  -0.3543557844479 
1.476544670416e-10  0.04730478682654  0.06847080969029  0.995188746831  0.4009436449193  -0.8385988295156  -0.3614531845655 
1.490548724666e-10  0.04608527579763  0.06698046114658  0.9953469843026  0.3865115064307  -0.8422566556504  -0.3685166789753 
      1.5e-10  0.04536712770283  0.06610855549678  0.9954380195603  0.3767554301707  -0.8445597871745  -0.3732658994548 
1.501756026754e-10  0.04524148538588  0.06595866252317  0.9954536370117  0.3749416492183  -0.8449729443027  -0.3741467659954 
1.515617320016e-10  0.04431797967858  0.06490910692731  0.9955638341577  0.3606155854259  -0.8480713663102  -0.3810832950687 
1.530748903151e-10  0.04341030524044  0.0640309351022  0.9956603464623  0.3449660224016  -0.8511230537115  -0.3886220646354 
1.545880486286e-10  0.04255440147909  0.06342072730973  0.9957360212086  0.3293160139577  -0.8538296161766  -0.3961253520847 
1.561012069421e-10  0.04170189390321  0.06305968463251  0.9957947001997  0.3136757209353  -0.8561922767963  -0.4035914691607 
1.582037067512e-10  0.04044721215577  0.06292393355482  0.9958545882766  0.2919776507073  -0.8589087275703  -0.4138987305239 
1.606991008907e-10  0.0387501719097  0.06321506517825  0.9959030584334  0.2663043897706  -0.8612893345747  -0.4260197020696 
1.631944950301e-10  0.03674106808568  0.06386134136119  0.9959374085383  0.2407478030612  -0.862772939544  -0.4380024500974 
1.656898891696e-10  0.03437529292602  0.06471922487531  0.9959659252995  0.2153366875258  -0.8633820274003  -0.4498289428586 
1.68185283309e-10  0.03164971646369  0.06565681646813  0.9959943093899  0.1900959609446  -0.8631411131012  -0.461481822714 
1.706806774485e-10  0.0285934441742  0.06656176366543  0.9960260628849  0.1650478301358  -0.8620751750513  -0.4729458532047 
1.731760715879e-10  0.02525793985219  0.06734566881238  0.9960629372813  0.1402114225369  -0.8602086824741  -0.4842091045604 
1.756714657274e-10  0.02170829723278  0.06794587412064  0.9961052677459  0.1156059227911  -0.857565076052  -0.4952624613171 
1.781668598668e-10  0.01801493290981  0.06832444325656  0.9961524324167  0.0912494630905  -0.8541663542433  -0.5061003906407 
1.806622540063e-10  0.01424659337058  0.06846580357353  0.9962031806833  0.06716031594168  -0.8500332032271  -0.5167200970577 
1.831576481457e-10  0.01046595598801  0.06837250227042  0.9962559350062  0.0433566836694  -0.8451847057716  -0.527121847402 
1.856530422852e-10  0.006725796236028  0.06806112695148  0.9963090050531  0.01985707743314  -0.8396388607911  -0.5373079188525 
1.881484364246e-10  0.003067181248834  0.06755786510565  0.9963607435125  -0.003319322997908  -0.8334130144614  -0.5472819275748 
1.906438305641e-10  -0.0004804640325596  0.06689397141064  0.996409670844  -0.02615333925798  -0.8265239727419  -0.5570487790643 
1.931392247036e-10  -0.003899091921772  0.0661023402291  0.9964545591857  -0.04862568871932  -0.8189884327778  -0.5666137511311 
1.95634618843e-10  -0.007180861897324  0.06521476738644  0.9964943819845  -0.0707169633359  -0.8108235779798  -0.5759819784469 
1.981300129825e-10  -0.01032554288301  0.06425942449516  0.996528431423  -0.09240826779833  -0.80204683274  -0.5851586865156 
        2e-10  -0.01259557364954  0.06351337908105  0.9965498745325  -0.1083899432021  -0.7950795365846  -0.5919128083733 
2.003727505339e-10  -0.01303957348212  0.0633624134716  0.9965537199009  -0.1115468786601  -0.7936515478497  -0.593246743361 
2.022365032032e-10  -0.01521944948616  0.06259954688555  0.9965707640179  -0.1271849487844  -0.7863200393653  -0.5998551630693 
2.041002558726e-10  -0.01733598608823  0.06182716043411  0.9965841723125  -0.1425736379907  -0.7786751411414  -0.6063627489316 
2.059640085419e-10  -0.01939442041111  0.06104942725251  0.9965939596649  -0.1577060239399  -0.7707253861459  -0.6127706935989 
2.078277612113e-10  -0.02139994774303  0.06026898006433  0.9966002068632  -0.1725756797663  -0.7624795314685  -0.6190800239827 
2.096915138806e-10  -0.02335741731217  0.05948715717759  0.9966030297693  -0.1871763907553  -0.7539465826738  -0.6252916271044 
2.1155526655e-10  -0.02527114919397  0.05870418521545  0.996602589079  -0.2015024609326  -0.7451357048762  -0.6314062630265 
2.134190192193e-10  -0.0271449292845  0.0579194427066  0.9965990709359  -0.21554841429  -0.7360563972942  -0.6374244681329 
2.152827718887e-10  -0.02898164445584  0.05713165968068  0.9965926743532  -0.2293091689447  -0.7267181986488  -0.6433468579532 
2.17146524558e-10  -0.03078349935773  0.05633916403286  0.996583627932  -0.2427799985834  -0.7171307696798  -0.649173965054 
2.190102772274e-10  -0.03255203953214  0.05554009658795  0.9965721597356  -0.2559564717125  -0.7073039779746  -0.6549062044586 
2.208740298967e-10  -0.03428797091397  0.05473247832214  0.9965585183944  -0.2688344287189  -0.6972476216549  -0.6605442089969 
2.227377825661e-10  -0.03599146079106  0.05391445122569  0.9965429496297  -0.2814101164651  -0.6869715718276  -0.6660885715027 
2.246015352354e-10  -0.037662155469  0.05308435310376  0.9965256886946  -0.293679911316  -0.6764857890909  -0.6715399599928 
2.272844858684e-10  -0.04000793387452  0.05186543229655  0.9964983546689  -0.3107991925754  -0.6610429766551  -0.6792257414559 
2.323931018679e-10  -0.04426908789198  0.04945815433966  0.9964404848963  -0.3415960807386  -0.6306003127462  -0.6933407472032 
2.375017178673e-10  -0.04823468659382  0.04693524133166  0.9963784168997  -0.3699943491195  -0.5989621357319  -0.7067929337148 
2.426103338668e-10  -0.05187745978817  0.04430834237016  0.9963157153413  -0.3959594892737  -0.5663251007074  -0.7196094905325 
2.477189498663e-10  -0.05517869215177  0.04159990199866  0.996255218013  -0.4194700618914  -0.5328791719  -0.7318215845929 
      2.5e-10  -0.05653990817809  0.04037110416549  0.9962295059656  -0.42917280469  -0.5177325540641  -0.7370878332944 
2.504752074678e-10  -0.05681464301689  0.0401139120269  0.9962242764206  -0.4311323396951  -0.5145626576289  -0.7381708254325 
2.523253204053e-10  -0.05785535947005  0.03910933051401  0.9962043776551  -0.4385586966671  -0.5021794240832  -0.7423418645783 
2.541754333429e-10  -0.05885013276959  0.03810043909614  0.9961852520264  -0.4456626381897  -0.4897354290843  -0.7464422305479 
2.560255462804e-10  -0.05979925007885  0.03708832049858  0.9961669738751  -0.4524447655482  -0.4772389394056  -0.75047345835 
2.578756592179e-10  -0.06070302445172  0.03607396203631  0.9961496171136  -0.4589057410685  -0.4646979485392  -0.7544373180301 
2.597257721554e-10  -0.06156190371304  0.03505829593778  0.9961332359362  -0.4650465636089  -0.4521204185392  -0.7583354429946 
2.61575885093e-10  -0.06237635643907  0.03404210864134  0.9961178826135  -0.470868510855  -0.4395141787794  -0.7621694018207 
2.634259980305e-10  -0.06314688164971  0.03302608762923  0.9961036110776  -0.476373026854  -0.4268869408575  -0.76594074937 
2.65276110968e-10  -0.06387395096277  0.03201087656571  0.9960904734175  -0.4815616283993  -0.4142461809642  -0.7696511830521 
2.671262239055e-10  -0.06455805223592  0.03099704847123  0.9960785135805  -0.48643615301  -0.4015993182463  -0.7733022154597 
2.689763368431e-10  -0.06519985748198  0.0299851340381  0.9960677756591  -0.4909989647752  -0.3889538299456  -0.77689502134 
2.708264497806e-10  -0.0657996714791  0.02897555210241  0.9960582983345  -0.4952518971133  -0.3763165290628  -0.780431461207 
2.734266440783e-10  -0.0665724930332  0.02756139682105  0.9960471918323  -0.5007097014054  -0.3585828621932  -0.785309377053 
2.76214358716e-10  -0.0673113903882  0.02605267742552  0.9960382600986  -0.5058945253266  -0.3396247535914  -0.7904230742641 
2.790020733538e-10  -0.06795891705343  0.024552905723  0.9960325167487  -0.5103987424086  -0.3207445334362  -0.7954213511109 
2.817897879915e-10  -0.06851644376315  0.02306336475355  0.9960300509985  -0.5142327008231  -0.3019635900373  -0.8003086041452 
2.845775026293e-10  -0.06898555618803  0.02158534564461  0.9960309184898  -0.5174074231136  -0.2833024170643  -0.8050890507189 
2.87365217267e-10  -0.06936766163689  0.0201200664383  0.9960351757206  -0.5199343830783  -0.2647805777708  -0.8097668518579 
2.901529319048e-10  -0.06966420181778  0.0186687939183  0.9960428509595  -0.5218258207254  -0.2464169501699  -0.8143457194231 
2.929406465425e-10  -0.06987683348144  0.0172328062032  0.9960539430714  -0.5230945212192  -0.2282295090952  -0.8188291824317 
2.957283611803e-10  -0.07000713432214  0.01581336866268  0.9960684401227  -0.5237535474952  -0.2102353676395  -0.8232206539889 
2.98516075818e-10  -0.0700567907777  0.01441171070473  0.9960863133335  -0.523816676062  -0.1924509817398  -0.8275231978114 
        3e-10  -0.07005102777723  0.01367324708774  0.9960971759543  -0.5236119256055  -0.1830750011965  -0.8297783213196 
3.007376766538e-10  -0.07003989761531  0.01330821170878  0.9961029255404  -0.5234494573143  -0.1784385898487  -0.8308903780343 
3.025818682882e-10  -0.06998852418582  0.01240175610707  0.9961182913636  -0.5228690973999  -0.1669208480697  -0.8336449498114 
3.044260599227e-10  -0.06990378823775  0.01150437447254  0.9961350640191  -0.5220436080184  -0.1555113872567  -0.8363632837158 
3.062702515571e-10  -0.06978637357022  0.01061634505745  0.9961532062092  -0.5209769253113  -0.1442139582107  -0.8390463616304 
3.076886853559e-10  -0.06967420152786  0.009939888290977  0.9961680715864  -0.5199952552898  -0.1356033420597  -0.8410863528626 
3.102602406184e-10  -0.06942335522509  0.008728515026877  0.9961969895219  -0.517864416439  -0.1201730061358  -0.8447338079147 
3.14275378994e-10  -0.06891247202521  0.006877245622629  0.9962470384642  -0.5136595126387  -0.09656653281882  -0.8502990560896 
3.182905173696e-10  -0.06826168483843  0.005077285528611  0.9963027025306  -0.5084253928385  -0.07358322948414  -0.8557103994579 
3.223056557452e-10  -0.06747767649452  0.003330961504663  0.9963635195097  -0.5022091627101  -0.05125513311201  -0.8609729070445 
3.263207941207e-10  -0.06656681673169  0.001640522134178  0.9964290313181  -0.4950601056679  -0.02961313752765  -0.8660896323518 
3.303359324963e-10  -0.06553574788874  7.704869288451e-06  0.9964987302556  -0.4870274445219  -0.008684385675612  -0.8710640439408 
3.343510708719e-10  -0.06439105402312  -0.00156555690145  0.9965721120581  -0.4781612438045  0.01150589484832  -0.8758986971548 
3.383662092475e-10  -0.06313952554388  -0.00307784197591  0.9966486370048  -0.4685112604875  0.03093536926089  -0.8805960657375 
3.428045532498e-10  -0.06163992317916  -0.004676717594287  0.9967362376507  -0.456993155885  0.05150328514866  -0.8856312797858 
3.489357197589e-10  -0.05938426442525  -0.006757131810268  0.9968611496224  -0.4397356328615  0.07830291933481  -0.8923195195606 
      3.5e-10  -0.05897244472017  -0.007102897322351  0.9968831740466  -0.4365923690305  0.08276097115553  -0.8934492063398 
3.542571209644e-10  -0.05726971375582  -0.008439781715149  0.9969719427036  -0.4236167433609  0.1000108835258  -0.8978765769284 
3.5957852217e-10  -0.05502576767696  -0.0100059127714  0.9970837051321  -0.4065626136875  0.1202483793776  -0.9032064957169 
3.634549846919e-10  -0.05331852652159  -0.01107252581043  0.9971650883724  -0.393617403639  0.1340536832296  -0.9069478089616 
3.663681547582e-10  -0.05199929529374  -0.0118327264048  0.9972259431473  -0.3836303219234  0.143905237816  -0.9096819273189 
3.692813248244e-10  -0.05065118226055  -0.01255741724227  0.9972863760629  -0.373443356928  0.153305706474  -0.9123499189709 
3.733954553446e-10  -0.04870479570731  -0.01351959864748  0.9973706359832  -0.3587508553181  0.165813060053  -0.9160069556583 
3.783102261675e-10  -0.04632164190278  -0.01457610185835  0.9974691263168  -0.3407961701662  0.1795746742038  -0.9202072654686 
3.832249969903e-10  -0.04388598317462  -0.01553141071913  0.9975646815761  -0.3224844609861  0.1920564695971  -0.9242272000542 
3.881397678132e-10  -0.04140920444991  -0.01638612964755  0.9976567340165  -0.3039001320403  0.2032679630588  -0.9280703569204 
3.930545386361e-10  -0.03890174265381  -0.01714134860771  0.9977447880061  -0.2851251031938  0.2132232975314  -0.9317405256314 
3.979693094589e-10  -0.0363762284598  -0.01779791707061  0.9978284073246  -0.2662378159632  0.221941389444  -0.935242006767 
        4e-10  -0.0353300581087  -0.01804083952915  0.9978615755078  -0.2584191508608  0.2251876379916  -0.9366405114892 
4.004113996818e-10  -0.03511803960668  -0.01808804401857  0.9978681940072  -0.2568347967924  0.2258201764874  -0.9369204277261 
4.0165426256e-10  -0.03447739432992  -0.01822664596973  0.9978879737206  -0.2520485721051  0.2276799923075  -0.9377591876636 
4.038608858301e-10  -0.03334031339974  -0.01845779793651  0.9979223019964  -0.2435547974848  0.2307940979242  -0.9392230062841 
4.060675091003e-10  -0.03220425925857  -0.01867020766139  0.9979556004564  -0.2350713483673  0.2336698388939  -0.9406547702304 
4.082741323705e-10  -0.03107003447579  -0.01886415143577  0.9979878507692  -0.2266045324003  0.2363099518704  -0.9420548766187 
4.104807556407e-10  -0.02993847684437  -0.01903984889356  0.9980190436033  -0.2181605259182  0.2387173642359  -0.9434237432915 
4.126873789109e-10  -0.02881035142467  -0.01919759247089  0.998049171839  -0.2097453713253  0.2408950437109  -0.944761798763 
4.14894002181e-10  -0.02768643084589  -0.01933767375732  0.9980782262344  -0.2013649626469  0.242846228965  -0.9460694779114 
4.171006254512e-10  -0.02656749536562  -0.0194602997231  0.9981062057179  -0.193025061728  0.2445741634193  -0.9473472086525 
4.193072487214e-10  -0.0254542256893  -0.01956582435645  0.99813310982  -0.1847311483777  0.2460823912313  -0.9485954455983 
4.217672905899e-10  -0.02422071461946  -0.0196635754691  0.9981618370492  -0.1755457626303  0.2475089037281  -0.9499527897364 
4.252410068515e-10  -0.02249422392807  -0.01976664608031  0.9982001427285  -0.1626982650616  0.2490755669136  -0.9518091667549 
4.287147231132e-10  -0.02078826993397  -0.01982973796141  0.9982358237265  -0.1500125176884  0.2501310492279  -0.9535965063944 
4.321884393748e-10  -0.01910540411799  -0.01985409762426  0.9982689200116  -0.1375072319001  0.2506905721245  -0.9553165890056 
4.356621556365e-10  -0.01744801166957  -0.01984100077243  0.9982994862846  -0.1251999822397  0.2507699859097  -0.9569712440367 
4.391358718981e-10  -0.01581831236278  -0.01979172352638  0.9983275848126  -0.1131072767667  0.2503857545102  -0.9585623699352 
4.426095881598e-10  -0.01421861855414  -0.01970754890115  0.9983532879707  -0.1012450146734  0.2495545394045  -0.9600917254823 
4.460833044215e-10  -0.01265091427219  -0.01958986570948  0.9983766825168  -0.08962760862911  0.2482935465873  -0.9615612118296 
4.495570206831e-10  -0.01111704196598  -0.01944010479935  0.9983978550629  -0.07826851731247  0.2466203286608  -0.9629726385745 
      4.5e-10  -0.0109239831932  -0.01941875063307  0.9984003998508  -0.07683920711865  0.2463781820144  -0.963148541431 
4.513289379507e-10  -0.01034834158236  -0.01935177780774  0.9984078281119  -0.07257817219581  0.2456134803161  -0.9636708046866 
4.517719172676e-10  -0.0101576488971  -0.01932847120763  0.998410237235  -0.07116680189584  0.2453460248045  -0.9638430842216 
4.53986813852e-10  -0.009213207034549  -0.01920481999567  0.9984217847029  -0.06417853877577  0.2439157439349  -0.9646911537213 
4.562017104365e-10  -0.008284026678185  -0.01906951344068  0.9984325219088  -0.0573063732076  0.2423343507052  -0.9655173091649 
4.584166070209e-10  -0.007370533581254  -0.01892286851363  0.9984424760688  -0.05055325575894  0.2406062844153  -0.9663220408794 
4.606315036054e-10  -0.006473036078124  -0.01876530690763  0.9984516767807  -0.04392155973678  0.2387364600351  -0.9671057943154 
4.628464001899e-10  -0.005591902946194  -0.0185971425394  0.9984601548066  -0.0374137063023  0.2367297006182  -0.9678690139292 
4.650612967743e-10  -0.004727440679343  -0.01841879131092  0.998467936874  -0.03103187160479  0.2345907748289  -0.9686121535414 
4.672761933588e-10  -0.003879985108746  -0.01823058682649  0.998475055475  -0.02477818205816  0.2323243218134  -0.9693356726974 
4.694910899432e-10  -0.003049778547743  -0.01803295856934  0.9984815401922  -0.0186544785222  0.2299350398122  -0.9700400171111 
4.717059865277e-10  -0.00223709132518  -0.01782624189382  0.9984874188877  -0.01266252729556  0.2274276578027  -0.9707256424607 
4.739208831122e-10  -0.001442125343579  -0.01761086138691  0.9984927217471  -0.00680392003219  0.2248068504086  -0.9713929886775 
4.761357796966e-10  -0.0006651130262875  -0.01738715659405  0.998497480674  -0.001080132440238  0.2220772972552  -0.9720424983911 
4.783506762811e-10  9.375482184365e-05  -0.01715552771584  0.9985017256999  0.004507300014181  0.2192436118629  -0.9726746106026 
4.805655728656e-10  0.0008343407700085  -0.01691634686102  0.9985054822325  0.009957399095751  0.2163104727153  -0.9732897707216 
4.8278046945e-10  0.001556491542175  -0.01666998536691  0.9985087823525  0.0152691123269  0.2132826533653  -0.9738883747627 
4.849953660345e-10  0.00226008616119  -0.01641680915705  0.9985116561135  0.02044152923476  0.2101647512524  -0.9744708436535 
4.872102626189e-10  0.002944980271615  -0.01615718977242  0.998514130635  0.02547370442603  0.2069610730873  -0.9750376406283 
4.894251592034e-10  0.003611099687968  -0.01589144626645  0.9985162338351  0.03036520025128  0.2036762864943  -0.9755891503246 
4.916400557879e-10  0.004258411746344  -0.0156199655048  0.9985179920236  0.03511565070821  0.2003150679551  -0.9761257454041 
4.938549523723e-10  0.00488680999065  -0.01534306759694  0.9985194346544  0.03972456723094  0.196881874489  -0.976647807566 
4.960698489568e-10  0.005496216732804  -0.01506110291145  0.9985205883713  0.04419175923059  0.1933809110601  -0.977155761415 
4.982847455412e-10  0.006086671522277  -0.01477445004166  0.9985214732144  0.04851715420077  0.1898166179368  -0.977649992691 
        5e-10  0.006530853947957  -0.01454941847029  0.9985219925718  0.05176932810786  0.1870155416955  -0.9780235405864 
5.003863165081e-10  0.006629310595788  -0.01449838062687  0.9985220915576  0.05248999838351  0.1863799798138  -0.9781065849573 
5.023178990486e-10  0.007112990723417  -0.01424141086786  0.9985224882818  0.05602903713814  0.1831775123722  -0.978515899813 
5.046358037372e-10  0.007674408166553  -0.01392932929236  0.9985227639084  0.06013382017316  0.1792832586871  -0.9789943642548 
5.07533191648e-10  0.008347063319358  -0.01353401722505  0.9985228409672  0.06504701338826  0.1743437502538  -0.9795735394801 
5.104305795588e-10  0.008987459990004  -0.01313358645167  0.9985226690239  0.06971960404071  0.169332737669  -0.9801324307356 
5.133279674696e-10  0.009595749528526  -0.01272869250391  0.9985222886009  0.07415292786972  0.1642591019077  -0.9806718238986 
5.162253553804e-10  0.01017215036356  -0.0123200436779  0.9985217443738  0.07834865034899  0.1591315754201  -0.981192437499 
5.191227432912e-10  0.01071684826318  -0.01190824146793  0.9985210790572  0.08230833759722  0.153958626734  -0.9816950186504 
5.22020131202e-10  0.01123013365915  -0.01149401796496  0.9985203292975  0.08603434880578  0.1487486503071  -0.9821802381439 
5.249175191128e-10  0.01171230903211  -0.01107795081084  0.998519527253  0.08952908583108  0.1435097973039  -0.9826487687872 
5.278149070236e-10  0.01216370474795  -0.01066064682435  0.9985187066468  0.09279499872245  0.1382497136426  -0.9831013089455 
5.307122949344e-10  0.01258474291616  -0.01024277140384  0.9985178962525  0.09583522712898  0.1329762228821  -0.9835384480624 
5.336096828452e-10  0.01297577854006  -0.009824859366157  0.998517124007  0.09865269845964  0.1276968382582  -0.98396075363 
5.36507070756e-10  0.01333724080526  -0.00940745957991  0.9985164125961  0.1012508306817  0.1224188138766  -0.9843688266987 
5.394044586669e-10  0.01366960795284  -0.008991126716661  0.9985157821054  0.1036331774382  0.1171489360037  -0.9847632662902 
5.423018465777e-10  0.01397329686851  -0.008576363532175  0.9985152559834  0.1058032004386  0.11189390487  -0.9851446120004 
5.451992344885e-10  0.01424892351038  -0.008163704618453  0.9985148488657  0.1077648437916  0.106660159336  -0.985513410431 
5.480966223993e-10  0.01449695125084  -0.007753625913512  0.9985145722805  0.1095220781682  0.10145401914  -0.9858701447899 
      5.5e-10  0.01464514755654  -0.007485846853621  0.9985144670962  0.110567197926  0.09805184699937  -0.9860981645767 
5.501649448542e-10  0.01465744997236  -0.00746270498181  0.998514461065  0.1106537778384  0.09775776178546  -0.9861176872199 
5.522672056402e-10  0.01480664893984  -0.007168749015605  0.9985144327267  0.1117009950323  0.09402056639502  -0.9863634164067 
5.549557869109e-10  0.01497741541599  -0.006795663241304  0.9985145150812  0.1128917061175  0.08927357789458  -0.9866693328953 
5.576443681817e-10  0.01512608120458  -0.006426044098475  0.9985147375642  0.1139189081368  0.08456702988972  -0.986966189151 
5.619072859088e-10  0.01531776032518  -0.00584778533114  0.9985153996344  0.1152209986994  0.07719687461346  -0.9874192685072 
5.661702036359e-10  0.0154570271892  -0.005280236526305  0.9985164413526  0.1161360775344  0.06995445244042  -0.987851666068 
5.704331213631e-10  0.01554589646909  -0.004724569592547  0.9985178646763  0.1166794834346  0.06285428471753  -0.9882645114754 
5.746960390902e-10  0.01558644112238  -0.004181759230342  0.9985196709562  0.1168670399383  0.05591012762788  -0.9886589141228 
5.789589568174e-10  0.01558078260774  -0.003652767391372  0.9985218490761  0.11671465724  0.04913422921892  -0.989035889144 
5.832218745445e-10  0.0155311077365  -0.003138505878238  0.9985243828258  0.116238483571  0.04253789974971  -0.9893964160719 
5.874847922716e-10  0.01543970120437  -0.002639722888843  0.9985272522856  0.1154550212261  0.0361314000382  -0.989741373831 
5.917477099988e-10  0.01530874019443  -0.002157110402162  0.9985304343862  0.1143805652933  0.02992403566385  -0.9900715625138 
5.960106277259e-10  0.01514043819686  -0.001691252382938  0.9985339024642  0.1130319106507  0.02392442316576  -0.9903876667324 
        6e-10  0.01495100344608  -0.001270935260366  0.9985373823951  0.1115359478127  0.01850449758483  -0.9906713499112 
6.028951904618e-10  0.01479523253743  -0.000975570085264  0.9985400334205  0.1103169264808  0.01469226766329  -0.9908701914828 
6.080503308283e-10  0.01448238883213  -0.0004704178885235  0.9985449848147  0.1078861421958  0.00816192312597  -0.9912102364897 
6.158539351292e-10  0.01392982353994  0.0002425985217446  0.9985529290946  0.1036295256583  -0.00107966496641  -0.991692747718 
6.2365753943e-10  0.01329382461163  0.0008928763997165  0.9985612190276  0.09876391976  -0.009528265595774  -0.9921390793829 
6.314611437309e-10  0.01258730541622  0.00147905288185  0.998569659751  0.09338529486413  -0.01717155717584  -0.9925519335345 
6.392647480317e-10  0.01182293653462  0.002001585176529  0.9985780665066  0.0875860645751  -0.02400596060525  -0.9929336774981 
6.470683523325e-10  0.01101219823108  0.002461258681223  0.9985862837044  0.08145577072993  -0.03003525800872  -0.9932863600275 
      6.5e-10  0.01069796807202  0.002617671674091  0.9985893004333  0.07908486346448  -0.03209452749812  -0.9934117296415 
6.541127804219e-10  0.01024977731453  0.002822464051484  0.9985934278344  0.07570875555978  -0.03479608769703  -0.9935813031099 
6.609674144584e-10  0.009488342140143  0.003125747811053  0.9986000327397  0.06998108392331  -0.03882009804623  -0.9938481557231 
6.636028868373e-10  0.009192041434437  0.003230170199999  0.9986024512893  0.06775407297606  -0.04021032636444  -0.9939456831877 
6.662383592162e-10  0.008894239386084  0.003327895178081  0.998604819367  0.06551786515311  -0.04151507700729  -0.9940405129622 
6.695332061014e-10  0.008520503274655  0.003440750022478  0.9986076858028  0.06271348109688  -0.04302762025817  -0.9941553402455 
6.73817114746e-10  0.008033345584181  0.003572315140447  0.998611256308  0.05906052822327  -0.04480117339059  -0.9942986263215 
6.781010233906e-10  0.007545990067179  0.003687204289604  0.998614628929  0.05541007169694  -0.04636073592532  -0.9944352760021 
6.823849320352e-10  0.007059787584259  0.003785921671341  0.9986178076515  0.0517725748298  -0.04771184167638  -0.994565520319 
6.866688406798e-10  0.006575955057848  0.003868910955808  0.9986207880856  0.04815796022694  -0.04886038641765  -0.9946896024769 
6.909527493244e-10  0.006095730307672  0.003936592680891  0.9986235616708  0.0445756088969  -0.04981243812942  -0.9948077352334 
6.952366579691e-10  0.005620369673388  0.00398937070529  0.998626125142  0.04103435667643  -0.05057445274801  -0.9949201471077 
6.995205666137e-10  0.005151092990558  0.004027799622942  0.9986285010053  0.03754247706151  -0.05115355786127  -0.9950270606725 
        7e-10  0.005098992164856  0.004031249265685  0.998628754057  0.03715509295568  -0.05120728467614  -0.9950386931435 
7.019177335453e-10  0.004891584701264  0.004043270797262  0.9986297410161  0.03561287899073  -0.05140037788609  -0.9950845635469 
7.048116658198e-10  0.004581462020868  0.004056423319561  0.9986311608794  0.03330910800904  -0.05162666352704  -0.9951518305403 
7.084507461086e-10  0.00419693586029  0.004064429433533  0.9986328166848  0.03045504112976  -0.05180319003376  -0.9952331535252 
7.120898263974e-10  0.003819065790437  0.00406335990477  0.9986343381448  0.02765248394379  -0.05186372125202  -0.9953109675332 
7.157289066861e-10  0.003448398003665  0.004053621957683  0.9986357270496  0.02490519417408  -0.05181278096111  -0.9953853902772 
7.193679869749e-10  0.003085503679457  0.004035549132117  0.9986369849021  0.02221660626302  -0.05165495209621  -0.9954565464412 
7.230070672636e-10  0.002730631188544  0.004009722688783  0.9986381311105  0.01958990805491  -0.05139484651072  -0.9955245523992 
7.266461475524e-10  0.002384227873315  0.003976360039446  0.9986391516502  0.01702816100287  -0.05103702576279  -0.9955895215634 
7.302852278411e-10  0.002046612781382  0.003935859883137  0.998640063167  0.01453395954076  -0.0505863833535  -0.9956515675763 
7.339243081299e-10  0.001718357464843  0.003888590449187  0.9986408701992  0.01210985001062  -0.05004745923989  -0.9957108270524 
7.375633884186e-10  0.001399506456014  0.003834900851166  0.9986415750099  0.009757888156277  -0.04942513181975  -0.9957673802636 
7.412024687074e-10  0.001090638854471  0.0037751913261  0.9986421981188  0.007480091924698  -0.0487239048042  -0.995821352763 
7.448415489962e-10  0.0007917710329071  0.003709771034734  0.998642719502  0.005278081932204  -0.04794862900917  -0.9958728266865 
7.484806292849e-10  0.0005033453056334  0.003639160156189  0.9986431741345  0.003153493009527  -0.04710365748041  -0.9959219425773 
      7.5e-10  0.0003859490909223  0.003608221981472  0.9986433393427  0.002289588737906  -0.04673143218919  -0.9959417619564 
7.502743311888e-10  0.0003649438906056  0.003602540188844  0.9986433669086  0.0021350700488  -0.04666307983836  -0.9959452974362 
7.509601591607e-10  0.0003127109902107  0.003588219110821  0.9986434332405  0.001750776428926  -0.046490653013  -0.995954082324 
7.521701799173e-10  0.0002216019743398  0.003562501791314  0.9986435474046  0.001080449783842  -0.04618034778313  -0.9959693713662 
7.545226392999e-10  4.771410561144e-05  0.003511141655286  0.9986437538561  -0.0001987879627127  -0.04555922648799  -0.9959984589578 
7.568750986824e-10  -0.000121674807284  0.00345797839516  0.9986439374695  -0.001444881545075  -0.04491436857318  -0.9960266663255 
7.59227558065e-10  -0.000286527390238  0.003403106799597  0.9986440949281  -0.002657252407603  -0.04424674961594  -0.9960540029015 
7.615800174476e-10  -0.0004467928068448  0.003346640127516  0.998644227776  -0.003835690951223  -0.04355743849066  -0.9960805040989 
7.653364793697e-10  -0.0006932099884905  0.003253534785849  0.9986444025349  -0.005646723222041  -0.04241432845416  -0.996121171646 
7.711975365172e-10  -0.001054568598932  0.00310152446433  0.9986445709255  -0.008297791181217  -0.04053760804338  -0.9961807531723 
7.774969923123e-10  -0.001411226826145  0.002930007067377  0.9986446546842  -0.01090978207847  -0.03841156954382  -0.9962398698446 
7.832230493753e-10  -0.001706950807592  0.00276826215985  0.9986446553005  -0.01307164185906  -0.03639884644456  -0.9962894940092 
7.866555115102e-10  -0.001871197579887  0.002669020302577  0.9986446378983  -0.0142713726691  -0.035161912369  -0.996317495703 
7.90087973645e-10  -0.0020257880063  0.002568546592026  0.998644606156  -0.01539973938451  -0.03390596643308  -0.9963442684342 
7.935204357799e-10  -0.002170834307811  0.002467030592328  0.9986445521255  -0.01645721036757  -0.03263453529038  -0.9963698884563 
7.969528979147e-10  -0.002306506755995  0.002364699327119  0.998644498705  -0.01744461509964  -0.03135032067193  -0.9963943937283 
        8e-10  -0.002419172430616  0.002273361647957  0.9986444470544  -0.01826313194271  -0.03020174785173  -0.996415259085 
8.024751408392e-10  -0.002505357564479  0.00219888718699  0.9986444030146  -0.01888822584541  -0.02926431680099  -0.9964316233663 
8.049502816783e-10  -0.002586835896666  0.002124270305431  0.9986443583399  -0.01947812138863  -0.02832407029029  -0.9964474831334 
8.074254225175e-10  -0.002663627254629  0.002049592072443  0.9986443146248  -0.02003324828383  -0.02738183188597  -0.9964628587581 
8.099005633566e-10  -0.002735829699613  0.001974897108794  0.9986442704609  -0.02055398809829  -0.02643874342303  -0.9964777707227 
8.127363204606e-10  -0.002812886302761  0.001889424463036  0.9986442223524  -0.02110892032881  -0.02535819391544  -0.9964943096976 
8.170145426241e-10  -0.002918032907397  0.001760878720017  0.9986441596384  -0.02186333086144  -0.02373117346853  -0.9965181982647 
8.212927647875e-10  -0.003010098667374  0.001633099354035  0.9986441058983  -0.02252069137726  -0.02211165443544  -0.9965408682699 
8.25570986951e-10  -0.003089426594948  0.00150641895269  0.9986440642016  -0.02308360403497  -0.02050409204734  -0.9965624170765 
8.298492091145e-10  -0.003156390857833  0.001381186556848  0.9986440372885  -0.02355496937908  -0.01891210951964  -0.9965829065314 
8.341274312779e-10  -0.003211435257713  0.001257645255077  0.9986440276415  -0.02393766696936  -0.01734030245018  -0.9966024186766 
8.384056534414e-10  -0.003254878420683  0.001136040176129  0.9986440341678  -0.024234999861  -0.01579190824962  -0.9966209840356 
8.426838756049e-10  -0.003287185772816  0.001016657579739  0.9986440583256  -0.02445003385376  -0.01427019522201  -0.9966386887712 
8.469620977683e-10  -0.003308759422565  0.0008997883129081  0.9986441002971  -0.02458608091332  -0.01277786073237  -0.9966555829604 
      8.5e-10  -0.003317858561418  0.0008184444116049  0.9986441410194  -0.0246365937294  -0.01173800299186  -0.9966671240883 
8.507087554547e-10  -0.003319238163977  0.0007996685349587  0.9986441520568  -0.02464302610973  -0.0114978044522  -0.9966697615844 
8.54252532728e-10  -0.003322171435686  0.0007069933217083  0.9986442131204  -0.0246456007871  -0.01031154899629  -0.996682651202 
8.577963100013e-10  -0.003318623141142  0.000616385912549  0.9986442859832  -0.02460028005874  -0.009150585410024  -0.9966950703491 
8.613400872746e-10  -0.003308847798203  0.0005279654194078  0.9986443692898  -0.02450905816694  -0.008016258016342  -0.996707050239 
8.64883864548e-10  -0.003293086686885  0.0004418001118996  0.9986444639777  -0.02437392733579  -0.00690964151183  -0.9967186066113 
8.684276418213e-10  -0.003271627712527  0.0003579743876879  0.9986445682849  -0.02419685820718  -0.005831961318824  -0.9967297636683 
8.719714190946e-10  -0.003244742422744  0.0002765550856436  0.9986446828647  -0.02397978155212  -0.004783867768399  -0.9967405356442 
8.75515196368e-10  -0.003212695217465  0.0001976302558557  0.9986448053377  -0.02372492699714  -0.003766767396741  -0.9967509361677 
8.790589736413e-10  -0.003175721723844  0.0001212293386445  0.9986449361608  -0.02343413456269  -0.00278121120008  -0.9967609869238 
8.826027509146e-10  -0.003134106381055  4.739956106263e-05  0.9986450739067  -0.0231093145405  -0.00182790930267  -0.9967707080021 
8.861465281879e-10  -0.003088148724671  -2.379766988897e-05  0.9986452187086  -0.02275258710924  -0.0009072910326227  -0.9967801038823 
8.896903054613e-10  -0.003038092935213  -9.23235959613e-05  0.9986453687096  -0.02236588445335  -1.999010108246e-05  -0.9967891904 
8.932340827346e-10  -0.00298420593599  -0.0001581409088006  0.9986455232403  -0.021951182999  0.0008333949105974  -0.9967979799197 
8.967778600079e-10  -0.002926698926987  -0.0002212792966988  0.9986456816781  -0.02151035477614  0.001652589938599  -0.9968064838097 
        9e-10  -0.002871500455751  -0.000276269142315  0.9986458284854  -0.02108890731331  0.002367431760406  -0.996813958822 
9.006846643666e-10  -0.0028594296711  -0.0002876523449905  0.9986458601641  -0.02099681125986  0.002515451540718  -0.9968155214353 
9.018196362042e-10  -0.00283914704277  -0.0003062833941088  0.9986459128726  -0.02084221057614  0.002757834978077  -0.9968180912089 
9.029546080418e-10  -0.002818568573172  -0.0003246396357138  0.9986459655537  -0.02068539358117  0.002996655079663  -0.996820636885 
9.047568371276e-10  -0.002785258153024  -0.0003532046819908  0.9986460489957  -0.02043170558257  0.003368270129538  -0.9968246278768 
9.082702278131e-10  -0.002718380996257  -0.000406929817175  0.9986462123253  -0.01992315788721  0.004068265474994  -0.9968322311797 
9.121697053204e-10  -0.002641322194602  -0.0004634143740707  0.9986463952221  -0.01933823102235  0.004806349859316  -0.9968403787626 
9.160691828278e-10  -0.002561563523733  -0.0005165326073556  0.998646576927  -0.01873350153771  0.005502445307104  -0.9968482458197 
9.199686603351e-10  -0.002479387450088  -0.0005663609016029  0.9986467577077  -0.01811126797689  0.006156498735155  -0.996855839791 
9.238681378425e-10  -0.00239504512853  -0.0006129464634752  0.9986469366188  -0.01747377676842  0.006768889863404  -0.9968631526829 
9.277676153498e-10  -0.002308848041274  -0.0006563196756191  0.9986471119808  -0.0168232845012  0.007339937376781  -0.9968702055945 
9.338358054911e-10  -0.002171570666697  -0.0007174522623239  0.9986473776609  -0.01579059232804  0.00814720197145  -0.9968806688712 
9.399039956324e-10  -0.002031649952206  -0.0007707854997059  0.9986476322397  -0.01473936127597  0.008857619803529  -0.99689059928 
9.459721857737e-10  -0.001890095719132  -0.0008167943172485  0.998647876023  -0.01367653018467  0.009473789032461  -0.996899956466 
      9.5e-10  -0.001795665157365  -0.0008433665565268  0.998648027634  -0.01296809584237  0.009831942191323  -0.9969058852053 
9.503869001415e-10  -0.00178658785261  -0.0008457494174613  0.9986480422826  -0.01290001150703  0.009864222181748  -0.9969064428823 
9.539164358889e-10  -0.001703755444685  -0.0008662890295178  0.9986481715224  -0.01227895657053  0.01014258628615  -0.9969114327825 
9.603767894928e-10  -0.001552484155752  -0.0008979575893851  0.9986483886072  -0.01114631950801  0.01057550024348  -0.996920137033 
9.6907098238e-10  -0.001351208307214  -0.0009288276327631  0.9986486531104  -0.009640901019845  0.01100905191213  -0.9969310194199 
9.726464445554e-10  -0.001269603622691  -0.0009380543033122  0.9986487575543  -0.009031098096168  0.0111403689471  -0.9969352185344 
9.793317850346e-10  -0.001119371065552  -0.000949697306101  0.9986489237905  -0.007910515472163  0.01131565515706  -0.9969426925614 
9.887126418774e-10  -0.0009153832447464  -0.0009546553595065  0.9986491282913  -0.006391094819373  0.01141629267377  -0.9969523587805 
        1e-09  -0.0006830425753049  -0.0009448794161837  0.9986493250377  -0.004662482334016  0.01133400521241  -0.9969628072524 
1.004920839387e-09  -0.0005867741922253  -0.0009359750741079  0.9986494024326  -0.003947403044643  0.01123563717087  -0.9969669734239 
1.011887136652e-09  -0.0004561817305863  -0.0009188078485181  0.9986494856452  -0.00297918105696  0.01103746419405  -0.9969725217027 
1.022595358682e-09  -0.0002697701567896  -0.0008829415745955  0.9986495855583  -0.00159819229222  0.01061286078382  -0.996980281388 
1.035559408179e-09  -6.877036294868e-05  -0.0008272622078578  0.9986496683698  -0.000111886193338  0.009934771229342  -0.9969885214251 
     1.05e-09  0.0001220765651957  -0.0007530676409848  0.9986497274565  0.001294001605658  0.009016031075951  -0.9969964165726 
1.056811796306e-09  0.0001998963419695  -0.0007148988536537  0.9986497474881  0.001863863353306  0.008537760838303  -0.9969997036875 
1.068554791399e-09  0.0003153929543185  -0.0006452388204905  0.9986497668602  0.002707961561446  0.007667062754409  -0.9970048491048 
1.085280270214e-09  0.0004400788083298  -0.0005422079077534  0.9986497770361  0.003617267065898  0.006369540121397  -0.9970111073242 
      1.1e-09  0.0005139680713587  -0.0004515380850115  0.9986497918435  0.004148727647197  0.005217987473333  -0.9970157209229 
1.103553663385e-09  0.000527096187622  -0.0004300454933714  0.9986497967927  0.004242126102171  0.004942999918977  -0.9970167170895 
1.108529862991e-09  0.0005426328864834  -0.000400245447106  0.9986498047967  0.004349647906182  0.004562190771027  -0.997018061641 
1.113506062596e-09  0.0005547842909035  -0.0003708125814078  0.9986498106949  0.00443263367843  0.004187196299398  -0.9970193391593 
1.118482262202e-09  0.0005636333443267  -0.0003419137960771  0.9986498170382  0.004492015526788  0.003819205906963  -0.9970205499823 
1.123458461808e-09  0.0005693435803418  -0.0003136447425403  0.9986498257417  0.004529057367195  0.003459301618884  -0.9970216940837 
1.128434661414e-09  0.0005720136682422  -0.0002861426506915  0.9986498324866  0.004544907672513  0.00310850485517  -0.9970227728924 
1.13341086102e-09  0.0005719444836118  -0.0002595672217778  0.9986498405188  0.004540549884222  0.002767451187424  -0.9970237906828 
1.138387060625e-09  0.000569334781251  -0.0002339432013289  0.9986498488592  0.004517018702688  0.002437017183896  -0.9970247523256 
1.143363260231e-09  0.0005643228063656  -0.0002091931468424  0.9986498598048  0.004475607439392  0.002117901306578  -0.9970256607937 
1.148339459837e-09  0.0005569456706533  -0.0001853531669819  0.9986498680758  0.004417517185888  0.00181079464734  -0.9970265172382 
     1.15e-09  0.0005540057692354  -0.0001776559019569  0.998649869589  0.004394708446678  0.001710934249888  -0.9970267916749 
1.151995900725e-09  0.0005501690052166  -0.0001685681106357  0.9986498738717  0.004365343325314  0.001592514599269  -0.9970271137985 
1.156579344253e-09  0.0005402090551584  -0.0001483073536362  0.9986498838683  0.004288468939732  0.001328823522567  -0.9970278270188 
1.163048201258e-09  0.0005235093444396  -0.0001211409442556  0.9986499008835  0.004159789123464  0.0009764113703035  -0.9970287697463 
1.169517058264e-09  0.0005040265901419  -9.58354345184e-05  0.9986499142311  0.004010342289872  0.0006468691122894  -0.9970296365731 
1.175985915269e-09  0.0004820362336695  -7.235454399354e-05  0.9986499272751  0.003842620647057  0.0003407681607591  -0.9970304363842 
1.182454772274e-09  0.0004578213306135  -5.071216360507e-05  0.9986499408677  0.003658946751481  5.846673968069e-05  -0.9970311723262 
1.18892362928e-09  0.0004316342593005  -3.094387119062e-05  0.9986499561847  0.003461854889832  -0.0001999484325472  -0.9970318483631 
1.195392486285e-09  0.0004039264399646  -1.317159231478e-05  0.9986499678867  0.003253381465604  -0.0004345782741952  -0.9970324651778 
      1.2e-09  0.000383429318787  -1.722068850593e-06  0.99864997527  0.003099212644657  -0.0005873283637816  -0.9970328708162 
1.200726199512e-09  0.000380152611626  1.398491078485e-08  0.9986499760648  0.003074534265446  -0.0006103454116285  -0.9970329320491 
1.204357197069e-09  0.0003636045435155  8.223783717491e-06  0.9986499769105  0.002949777157095  -0.0007210625579278  -0.997033229787 
1.207988194627e-09  0.0003467735169218  1.60200764765e-05  0.9986499878093  0.002822978253163  -0.0008243233042283  -0.9970335126276 
1.211619192185e-09  0.0003296393308659  2.330249561287e-05  0.9986499939942  0.002694508187086  -0.0009201252605364  -0.9970337801406 
1.215250189743e-09  0.0003122257486045  3.001717432301e-05  0.9986499968678  0.002564698437672  -0.001008708791415  -0.9970340330883 
1.218881187301e-09  0.0002945900163549  3.6156070492e-05  0.9986500021323  0.002433928096648  -0.001090264986041  -0.9970342716671 
1.222512184858e-09  0.0002768331750099  4.167878065167e-05  0.9986500102945  0.002302479302913  -0.001164926223965  -0.9970344958493 
1.226143182416e-09  0.0002589966426659  4.669051093002e-05  0.9986500162384  0.002170670277535  -0.001232808160589  -0.9970347060819 
1.230532628862e-09  0.0002372177111836  5.230494311695e-05  0.9986500209265  0.002011357865955  -0.001305785835359  -0.9970349437232 
1.236059748641e-09  0.0002104577639984  5.75916184787e-05  0.9986500132169  0.001811178999097  -0.001384511820072  -0.9970352102801 
1.24158686842e-09  0.0001841985432916  6.180688517255e-05  0.9986500267281  0.001612332791627  -0.001448768797648  -0.9970354546803 
1.247113988199e-09  0.0001581831905251  6.525705696045e-05  0.9986500322575  0.001415919690309  -0.001499176221588  -0.9970356718536 
     1.25e-09  0.0001447029219603  6.676790329369e-05  0.998650033567  0.001314531543675  -0.001520088036137  -0.997035776283 
1.251350327778e-09  0.0001384071290643  6.739445591175e-05  0.9986500326288  0.001267442305449  -0.001528656225106  -0.9970358234459 
1.254726147225e-09  0.0001226857422528  6.870759244971e-05  0.9986500354782  0.001150701143247  -0.001546744590678  -0.9970359366497 
1.258101966671e-09  0.0001070593806236  6.966382747599e-05  0.9986500429359  0.001035499762748  -0.001560222995208  -0.9970360421199 
1.261477786117e-09  9.153630237829e-05  7.032685393251e-05  0.9986500457845  0.0009220239564371  -0.001569190596399  -0.9970361375876 
1.264853605563e-09  7.623842065318e-05  7.055546306827e-05  0.9986500403184  0.0008104575359601  -0.001573734208873  -0.9970362264363 
1.26822942501e-09  6.126798558578e-05  7.028496960425e-05  0.9986500350801  0.0007007776026092  -0.001574119885894  -0.9970363066151 
1.271605244456e-09  4.663385887013e-05  6.963288734415e-05  0.9986500521751  0.0005931829107836  -0.001570580372585  -0.9970363824694 
1.274981063902e-09  3.248838669635e-05  6.866608503817e-05  0.9986500352922  0.0004876754303634  -0.001563286767876  -0.9970364467598 
1.278356883348e-09  1.863263139572e-05  6.746102639995e-05  0.9986500456905  0.0003845329832789  -0.001552240286124  -0.9970365087272 
1.281732702795e-09  5.030996637192e-06  6.61203668462e-05  0.9986500559964  0.0002838567410559  -0.001537582618123  -0.9970365659415 
1.285108522241e-09  -8.181213989374e-06  6.450382023842e-05  0.9986500368527  0.0001856367991323  -0.001519570369066  -0.9970366141961 
1.288484341687e-09  -2.111988350348e-05  6.261860734664e-05  0.9986500488261  8.996768680303e-05  -0.001498375986233  -0.997036660589 
1.291860161133e-09  -3.377621098496e-05  6.069918844053e-05  0.9986500429916  -2.984479372172e-06  -0.001473964815233  -0.9970366990477 
1.295235980579e-09  -4.606085721547e-05  5.847008187018e-05  0.9986500265571  -9.312398838398e-05  -0.001446507429744  -0.9970367313461 
1.298611800026e-09  -5.797951702399e-05  5.580489465642e-05  0.9986500474864  -0.000180580655432  -0.001416517782828  -0.9970367654371 
      1.3e-09  -6.27574711239e-05  5.467768174304e-05  0.9986500500555  -0.0002157655099504  -0.001403450844323  -0.9970367780888 
1.300203620907e-09  -6.34513829838e-05  5.450665785503e-05  0.9986500495838  -0.0002208651907291  -0.001401486547105  -0.9970367798149 
1.300799050837e-09  -6.54628622802e-05  5.401595501362e-05  0.9986500485764  -0.0002357691363243  -0.001395734802925  -0.9970367847149 
1.301688620648e-09  -6.84075582019e-05  5.326279120134e-05  0.9986500445689  -0.0002579403993821  -0.001387049394901  -0.9970367906749 
1.305029054163e-09  -7.924659012002e-05  5.032010014049e-05  0.998650040706  -0.0003387769692928  -0.001352439441597  -0.9970368131888 
1.307297546361e-09  -8.643249434549e-05  4.821936886073e-05  0.9986500412233  -0.000392153713589  -0.001327743847249  -0.9970368271916 
1.308682300615e-09  -9.080943585859e-05  4.703983904926e-05  0.9986500431355  -0.000424067762207  -0.00131217312205  -0.9970368350899 
1.31006705487e-09  -9.510594443123e-05  4.579331456331e-05  0.9986500413158  -0.0004555267796823  -0.001296273103055  -0.997036841259 
1.311871981487e-09  -0.0001005589641007  4.411574422896e-05  0.9986500353654  -0.0004958547069322  -0.001275016026696  -0.9970368474107 
1.314437894039e-09  -0.0001081063611593  4.147698386923e-05  0.9986500354573  -0.0005516720693043  -0.00124386993285  -0.9970368588052 
1.317725113131e-09  -0.000117334724897  3.796995963639e-05  0.9986500265717  -0.0006209059650518  -0.001202474157667  -0.9970368685711 
1.321012332224e-09  -0.000125963520473  3.436895352074e-05  0.9986500304568  -0.0006876502005921  -0.001159717347431  -0.9970368717519 
1.325026992925e-09  -0.0001360878521357  2.99606053524e-05  0.9986500348494  -0.0007652850811577  -0.001105430187991  -0.9970368806233 
1.33013281604e-09  -0.0001484678692982  2.446714493081e-05  0.9986500338026  -0.0008571443060443  -0.00103309586643  -0.9970368852912 
1.335238639154e-09  -0.0001602665331397  1.874747230303e-05  0.9986500391763  -0.000942058609996  -0.0009579813048587  -0.9970368857778 
1.340344462268e-09  -0.0001712973883664  1.265070695346e-05  0.9986500350217  -0.001020094857418  -0.0008806175279955  -0.9970368844806 
1.345450285383e-09  -0.0001814980838806  6.363881394338e-06  0.9986500341759  -0.001091011062584  -0.0008013066361759  -0.9970368765535 
     1.35e-09  -0.0001897452066499  7.21486299626e-07  0.998650027664  -0.001148600284472  -0.0007291741781883  -0.9970368649659 
1.353262426445e-09  -0.0001952587661299  -3.602680961992e-06  0.9986500345401  -0.001186768357558  -0.0006770900532273  -0.9970368620273 
1.357149616766e-09  -0.0002010297610641  -8.869072198799e-06  0.9986500177652  -0.001229143663125  -0.0006146550240268  -0.9970368463044 
1.36183478286e-09  -0.000207048458533  -1.525933281612e-05  0.998650025502  -0.001275312075666  -0.0005391849512361  -0.9970368351667 
1.367716912614e-09  -0.0002137769419838  -2.279896845656e-05  0.998650026592  -0.001325592162702  -0.0004441717325307  -0.9970368197388 
1.373599042368e-09  -0.0002197225092491  -3.016607213721e-05  0.9986500297103  -0.001367562154306  -0.0003493838399614  -0.9970368049358 
1.377351239975e-09  -0.0002231348806514  -3.460159670319e-05  0.998650022227  -0.001390017032798  -0.0002890927028154  -0.9970367929601 
1.380570954545e-09  -0.000225433563648  -3.864806637217e-05  0.9986500161762  -0.001407570071744  -0.0002376629252478  -0.9970367759064 
1.383790669115e-09  -0.0002274802185043  -4.277183026404e-05  0.9986500220726  -0.001422736029062  -0.0001867701046284  -0.9970367689805 
1.386251923447e-09  -0.0002288433501275  -4.587128398146e-05  0.9986500217107  -0.001432800659732  -0.0001482559136772  -0.9970367642886 
1.388236637167e-09  -0.0002298787505152  -4.824238255781e-05  0.9986500232454  -0.001439930286985  -0.0001173777024012  -0.9970367586388 
1.390386638323e-09  -0.0002309401292694  -5.079560027885e-05  0.9986500268212  -0.001446762331835  -8.418275157927e-05  -0.9970367529948 
1.392536639479e-09  -0.0002319542435567  -5.310601077972e-05  0.9986500231836  -0.001452569361297  -5.100500621143e-05  -0.9970367435615 
1.394686640634e-09  -0.0002326951402837  -5.558889739126e-05  0.9986500085152  -0.001457560209124  -1.813775034554e-05  -0.9970367304118 
1.39683664179e-09  -0.0002330402000276  -5.826568732427e-05  0.9986500041359  -0.001462294984558  1.445644612558e-05  -0.9970367203044 
      1.4e-09  -0.0002333882846413  -6.196955759471e-05  0.9986500089484  -0.001467568536649  6.184892816025e-05  -0.9970367121724 
