            0  608111.8318204              0  608111.8318204 
      2.5e-12  587496.7791793  49141.23532979  624801.5622481 
        5e-12  561608.0692091  95453.61890907  639928.0937416 
      7.5e-12  531132.9231954  138000.8695122  654117.4616843 
        1e-11  496753.4373673  176098.0433336  667779.6305359 
     1.25e-11  459157.184218  209249.0834996  681117.452898 
      1.5e-11  419044.5877521  237115.2100241  694145.5515337 
     1.75e-11  377164.3842473  259488.8449002  706746.2307015 
        2e-11  334322.0261979  276293.0909208  718739.4210359 
     2.25e-11  291366.2556844  287587.6707753  729951.9249801 
      2.5e-11  249152.8330853  293574.5858306  740266.2106379 
     2.75e-11  208495.2130578  294596.0196265  749639.2176995 
        3e-11  170116.558589  291120.7470852  758096.4486492 
     3.25e-11  134612.0466349  283717.7331694  765712.0595762 
      3.5e-11  102427.135141  273022.7385135  772584.2277806 
     3.75e-11  73851.41334714  259702.9912747  778814.8323679 
        4e-11  49025.41059666  244424.644067  784495.9736645 
     4.25e-11  27956.42413045  227826.0760553  789703.5688463 
      4.5e-11  10539.16029676  210498.0363437  794496.3044151 
     4.75e-11  -3422.334890974  192970.3932129  798917.874087 
        5e-11  -14192.23696609  175703.7117756  803000.6516418 
     5.25e-11  -22083.77214054  159086.0041988  806769.4613471 
      5.5e-11  -27441.541272  143431.9511643  810244.8669866 
     5.75e-11  -30626.23654338  128984.5007172  813445.2035785 
        6e-11  -32004.37434037  115918.7481373  816388.1116468 
     6.25e-11  -31932.11389875  104343.5460644  819090.6082332 
      6.5e-11  -30746.12741504  94307.99924873  821569.1540966 
     6.75e-11  -28761.22028609  85811.23900064  823840.2447534 
        7e-11  -26263.70527653  78807.48094137  825919.7496935 
     7.25e-11  -23507.66542202  73213.47057075  827822.7829074 
      7.5e-11  -20712.75504739  68916.11097712  829563.6562457 
     7.75e-11  -18062.62807791  65780.69499442  831155.8833614 
        8e-11  -15706.40073896  63657.30610376  832612.3105153 
     8.25e-11  -13759.57164075  62387.4223138  833945.126776 
      8.5e-11  -12305.82539375  61809.55034817  835165.8648649 
     8.75e-11  -11399.21875978  61764.71965831  836285.3318788 
        9e-11  -11067.29781077  62100.03498644  837313.5849589 
     9.25e-11  -11313.43377059  62672.58646047  838259.9117442 
      9.5e-11  -12120.2538964  63351.80260349  839132.8259851 
     9.75e-11  -13453.20030414  64021.3610891  839940.0253894 
        1e-10  -15263.45967707  64581.03347028  840688.4504827 
    1.025e-10  -17491.40567714  64945.90814805  841384.4372519 
     1.05e-10  -20067.68566792  65046.03254488  842033.6724137 
    1.075e-10  -22919.86265349  64830.60813825  842641.1514736 
      1.1e-10  -25973.43355396  64264.49432085  843211.1381356 
    1.125e-10  -29153.70462238  63325.41101034  843747.5887799 
     1.15e-10  -32386.69697001  62004.5002603  844254.1664602 
    1.175e-10  -35604.08436216  60304.84493333  844733.9332668 
      1.2e-10  -38741.37689822  58240.26828992  845189.6941338 
    1.225e-10  -41741.23885308  55833.23153253  845623.8174058 
     1.25e-10  -44553.92995212  53112.82905456  846038.1304831 
    1.275e-10  -47136.57866535  50114.72661691  846434.3022592 
      1.3e-10  -49455.34863972  46878.05685785  846813.672186 
    1.325e-10  -51483.93328729  43445.00515305  847177.2874074 
     1.35e-10  -53203.93369599  39859.0626146  847525.9469181 
    1.375e-10  -54604.56927486  36163.40941597  847860.3141889 
      1.4e-10  -55681.81890252  32401.14469774  848180.8701703 
    1.425e-10  -56437.97507348  28612.68414584  848488.0430733 
     1.45e-10  -56880.83064139  24836.18238425  848782.1497911 
    1.475e-10  -57023.05322438  21107.05856639  849063.5561979 
      1.5e-10  -56880.82857208  17456.32193931  849332.575494 
    1.525e-10  -56473.80963717  13911.56824231   849589.47079 
     1.55e-10  -55824.51762429  10496.78215549  849834.5132665 
    1.575e-10  -54956.72815044  7231.613324999  850068.2517566 
      1.6e-10  -53893.21952645  4129.408361928  850290.8365763 
    1.625e-10  -52659.62721292  1201.886677564  850502.683113 
     1.65e-10  -51279.03466254  -1543.754341421  850704.2200539 
    1.675e-10  -49775.83288777  -4102.957155541  850895.8747861 
      1.7e-10  -48171.66005341  -6474.442732711  851078.1329001 
    1.725e-10  -46487.91703636  -8659.623815239  851251.3882348 
     1.75e-10  -44743.74112303  -10661.87007856  851416.1467426 
    1.775e-10  -42956.75338701  -12486.79378177  851572.8056262 
      1.8e-10  -41142.65186296  -14141.28712451  851721.8082915 
    1.825e-10  -39315.10154555  -15633.35727614  851863.5779129 
     1.85e-10  -37486.23084385  -16972.08935691  851998.5133309 
    1.875e-10  -35665.67402805  -18166.68448533  852126.9098775 
      1.9e-10  -33862.30527428  -19227.04276534  852249.2869309 
    1.925e-10  -32082.4455905  -20162.44091769  852365.862311 
     1.95e-10  -30331.6697457  -20982.89954614  852476.9970834 
    1.975e-10  -28613.60128947  -21696.96696958  852582.9654464 
        2e-10  -26931.27362828  -22313.73423767  852684.0762677 
    2.025e-10  -25286.34337756  -22840.77288975  852780.5725775 
     2.05e-10  -23679.86280865  -23285.82978467  852872.6998992 
    2.075e-10  -22112.15490025  -23655.22579771  852960.6790403 
      2.1e-10  -20583.10220367  -23955.10685327  853044.7429033 
    2.125e-10  -19092.17440614  -24190.64510652  853125.0900868 
     2.15e-10  -17638.49124078  -24366.93798493  853201.8822613 
    2.175e-10  -16221.30791671  -24487.69086956  853275.298568 
      2.2e-10  -14839.81013247  -24556.21703429  853345.6739078 
    2.225e-10  -13492.82354462  -24575.11002799  853412.8034535 
     2.25e-10  -12179.61156617  -24546.73598413  853477.1463201 
    2.275e-10  -10899.51292805  -24473.16377107  853538.5241903 
      2.3e-10  -9652.038924973  -24356.20189643  853597.3738422 
    2.325e-10  -8436.895057636  -24197.37836729  853653.5328224 
     2.35e-10  -7253.976696106  -23998.10210797  853707.3913474 
    2.375e-10  -6103.36661663  -23759.61309956  853758.8078335 
      2.4e-10  -4985.332454052  -23483.15917334  853808.1167727 
    2.425e-10  -3900.223692877  -23169.81845386  853855.2255609 
     2.45e-10  -2848.640135858  -22820.82072124  853900.3628702 
    2.475e-10  -1831.285719898  -22437.42118827  853943.5219094 
      2.5e-10  -848.893005535  -22020.94232594  853984.8418164 
    2.525e-10  97.74213856017  -21572.77180672  854024.3771983 
     2.55e-10   1007.7830912  -21094.40754677  854062.2038139 
    2.575e-10  1880.508765591  -20587.44484847  854098.4004962 
      2.6e-10  2715.048614725  -20053.49622408  854133.0427725 
    2.625e-10  3510.417554665  -19494.36221215  854166.250427 
     2.65e-10  4266.11418676  -18912.08560554  854197.954563 
    2.675e-10  4981.569520518  -18308.56664146  854228.3668743 
      2.7e-10  5656.274970965  -17685.87659655  854257.3830179 
    2.725e-10  6289.885965433  -17046.14617305  854285.224654 
     2.75e-10  6882.16894831   -16391.52253  854311.7805603 
    2.775e-10  7433.03311404  -15724.19184045  854337.2648655 
      2.8e-10  7942.520464497  -15046.3378582  854361.5707951 
    2.825e-10  8410.831584244  -14360.16506519  854384.8949055 
     2.85e-10  8838.291733321  -13667.79060717  854407.1422294 
    2.875e-10  9225.361418114  -12971.33752508  854428.4850466 
      2.9e-10  9572.65681668  -12272.85293407  854448.854808 
    2.925e-10  9880.828282564  -11574.29843415  854468.3764522 
     2.95e-10  10150.73029409  -10877.61766223  854487.0239635 
    2.975e-10  10383.28542161  -10184.62264793  854504.8757195 
        3e-10  10579.50065581  -9497.037074017  854521.9414407 
