            0  608111.8318204              0  608111.8318204 
      2.5e-12  587496.8524671  49142.35451138  624801.2249749 
        5e-12  561606.5203359  95456.6570076  639926.580044 
      7.5e-12  531129.4822701  138005.7872054  654115.0728648 
        1e-11  496748.4742862  176103.7835114  667777.6857209 
     1.25e-11  459146.8266833  209256.9375529  681116.6240939 
      1.5e-11  419028.0759638  237123.6711989  694147.4362589 
     1.75e-11  377141.0219062  259496.2979037  706751.1315501 
        2e-11  334291.5148214  276298.0177642  718746.4034941 
     2.25e-11  291329.2387259  287588.586789  729959.5620302 
      2.5e-11  249111.5459124  293570.2868139  740273.1131877 
     2.75e-11  208452.3511247  294585.8613824  749644.6815298 
        3e-11  170074.1942918  291104.1948975  758100.5552322 
     3.25e-11  134572.3411899  283695.043969  765715.1993129 
      3.5e-11  102391.8842161  272994.4766777  772586.9047544 
     3.75e-11  73822.0830578  259670.0548556  778817.5821495 
        4e-11  49002.97836608  244388.0393611  784499.1847158 
     4.25e-11  27941.43030866  227787.0807057  789707.4261612 
      4.5e-11  10531.75201034  210457.855919  794500.8513901 
     4.75e-11  -3422.009341375  192930.1419873  798923.0411827 
        5e-11  -14184.50712774  175664.6669771  803006.2821549 
     5.25e-11  -22069.30831176  159049.5746572  806775.377674 
      5.5e-11  -27421.14719397  143399.2905534  810250.8497507 
     5.75e-11  -30601.07813662  128956.6176675  813451.0943112 
        6e-11  -31973.4562324  115895.4422355  816393.6852861 
     6.25e-11  -31894.92950048  104325.1689889  819095.817956 
      6.5e-11  -30703.84970287  94296.20876398  821574.2407955 
     6.75e-11  -28715.85177593  85807.21089279  823845.3340576 
        7e-11  -26217.91369266  78811.77365175  825924.7879661 
     7.25e-11  -23464.11220322  73225.8585679  827827.7672581 
      7.5e-11  -20672.46406351  68936.16288296  829568.4941579 
     7.75e-11  -18026.77352882  65807.51913261  831160.5251313 
        8e-11  -15676.16783911  63689.74088938  832616.7317889 
     8.25e-11  -13735.66524129  62424.1951971  833949.3134184 
      8.5e-11  -12288.82413986  61849.4442804  835169.8047835 
     8.75e-11  -11389.30524031  61806.41044451  836289.0544273 
        9e-11  -11064.3025046  62142.39406081  837317.1317008 
     9.25e-11  -11317.20900927  62714.51042871  838263.3139981 
      9.5e-11  -12130.89248357  63392.07885374  839136.0934918 
     9.75e-11  -13470.31706138  64059.05452081  839943.1947927 
        1e-10  -15286.62555096  64614.61734376  840691.5449928 
    1.025e-10  -17519.73963832  64974.47335886  841387.4153046 
     1.05e-10  -20101.93965514  65070.3361461  842036.3715106 
    1.075e-10  -22959.98868226  64850.57310782  842643.4581021 
      1.1e-10  -26018.41630108  64278.84252154  843213.1917364 
    1.125e-10  -29201.45651031  63333.2015693  843749.5884742 
     1.15e-10  -32436.47057123  62004.94373573  844256.1200531 
    1.175e-10  -35654.04927884  60297.74334941  844735.9235412 
      1.2e-10  -38790.37985918  58225.52195942  845191.7328904 
    1.225e-10  -41788.04259804  55811.18636221  845625.906976 
     1.25e-10  -44597.0192695  53084.04947685  846040.3208186 
    1.275e-10  -47175.17346167  50079.76366714  846436.6209262 
      1.3e-10  -49488.3833782  46837.91621651  846816.1056531 
    1.325e-10  -51510.76190865  43400.82973911  847179.8473604 
     1.35e-10  -53224.13876865  39811.78608139  847528.6276533 
    1.375e-10  -54617.76139564  36114.38526088  847863.0684422 
      1.4e-10  -55687.96878307  32351.3240201  848183.7098124 
    1.425e-10  -56437.23088784  28563.26965768  848490.9438729 
     1.45e-10  -56873.59603544  24788.40212337  848785.1295292 
    1.475e-10  -57009.62834818  21061.55589595  849066.5635374 
      1.5e-10  -56861.84540309  17414.00311318  849335.5467311 
    1.525e-10  -56449.91628166  13873.07800794  849592.3936367 
     1.55e-10  -55795.77485469  10461.92964262  849837.4425469 
    1.575e-10  -54922.77898113  7199.660786496  850071.0195949 
      1.6e-10  -53855.34262799    4101.302691  850293.5085889 
    1.625e-10  -52618.24955325  1178.114269896  850505.2919586 
     1.65e-10  -51235.46349082  -1562.539647519  850706.7818669 
    1.675e-10  -49730.45632601  -4116.538089363  850898.4137499 
      1.7e-10  -48125.5530211  -6482.704645392  851080.632013 
    1.725e-10  -46441.74130637  -8662.526487711  851253.8868513 
     1.75e-10  -44698.30762143  -10659.6212615  851418.6163096 
    1.775e-10  -42912.76829895  -12479.52071625  851575.2554716 
      1.8e-10  -41100.78009301  -14129.38364407  851724.2296278 
    1.825e-10  -39275.88945242  -15617.41542994  851865.9880263 
     1.85e-10  -37449.90287642  -16952.67615125  852000.874682 
    1.875e-10  -35632.81910999  -18144.49636878  852129.2840221 
      1.9e-10  -33832.87771837  -19202.55173628  852251.5774078 
    1.925e-10  -32056.69788367  -20136.5123912  852368.0950759 
     1.95e-10  -30309.43435946  -20955.82730246  852479.1577485 
    1.975e-10  -28594.93750875  -21669.56212203  852585.0667727 
        2e-10  -26915.92703492  -22286.2675683  852686.1034857 
    2.025e-10  -25274.21099148  -22813.98742924  852782.5324238 
     2.05e-10  -23670.53539164  -23259.94467145  852874.6029073 
    2.075e-10  -22105.27916356  -23630.73288342  852962.5405965 
      2.1e-10  -20578.28468819  -23932.17477039  853046.5566233 
    2.125e-10  -19089.0135019  -24169.45059963  853126.8495568 
     2.15e-10  -17636.69671216  -24347.07586444  853203.6045019 
    2.175e-10  -16220.44299665  -24468.94421466  853276.9941843 
      2.2e-10  -14839.32952239  -24538.38265728  853347.1800491 
    2.225e-10  -13492.47690694  -24558.21429024  853414.3133617 
     2.25e-10  -12179.04819942  -24530.89346319  853478.535824 
    2.275e-10  -10898.49031785  -24458.36346745  853539.9742985 
      2.3e-10  -9650.316039883  -24342.33218035  853598.762542 
    2.325e-10  -8434.261245878  -24184.29788419  853655.0181573 
     2.35e-10  -7250.261169834  -23985.5949014  853708.851792 
    2.375e-10  -6098.443246091  -23747.45041162  853760.3684441 
      2.4e-10  -4979.115135263  -23471.03480864  853809.6680247 
    2.425e-10  -3892.746237463  -23157.50614467  853856.8457336 
     2.45e-10  -2839.943596174  -22808.04894752  853901.9924624 
    2.475e-10  -1821.426502575  -22423.90200575  853945.1948385 
      2.5e-10  -837.9952919717   -22006.38543  853986.5357871 
    2.525e-10  109.420708739  -21556.91730186  854026.0953048 
     2.55e-10  1019.903134413  -21077.08326764  854063.9488856 
    2.575e-10  1892.72730101  -20568.47798153  854100.1738796 
      2.6e-10  2727.061866211  -20032.88939923  854134.8183429 
    2.625e-10  3522.261576154  -19472.16984741  854167.9718064 
     2.65e-10  4277.587652359  -18888.27505914  854199.6853814 
    2.675e-10  4992.316827815  -18283.09781361  854230.0283239 
      2.7e-10  5666.041680585  -17658.82219544  854259.0556007 
    2.725e-10  6298.427813059  -17017.61155003  854286.8245909 
     2.75e-10  6889.349092191  -16361.71185933  854313.3865455 
    2.775e-10  7438.571473339  -15693.17574853  854338.8030403 
      2.8e-10  7946.223613867  -15014.2848351  854363.1169118 
    2.825e-10  8412.581752386  -14327.30031791  854386.3763009 
     2.85e-10  8838.035571671  -13634.32253476  854408.6283259 
    2.875e-10  9222.919237052  -12937.40772775  854429.9126072 
      2.9e-10  9567.93763669  -12238.68595522  854450.2715029 
    2.925e-10  9873.899728492  -11540.19567128  854469.7461746 
     2.95e-10  10141.6542831  -10843.77018525  854488.3736395 
    2.975e-10  10372.15155912  -10151.2101115  854506.1864433 
        3e-10  10566.25685912  -9464.25398036  854523.2203637 
