            0  608111.8318204              0  608111.8318204 
      2.5e-12  582094.7178237  46519.22014636  622937.8708114 
        5e-12  552485.2933791  90433.6309992  637362.2290187 
      7.5e-12  521142.2015072  129703.9452802  654871.260974 
        1e-11  487933.9311611  166639.6834899  670269.915509 
     1.25e-11  451592.1712908  198857.1712533  684553.3598636 
      1.5e-11  412542.2028323  225459.3910394  697961.3142773 
     1.75e-11  371923.8766708  246819.9855039  710665.9559235 
        2e-11  330621.3423967  262331.7876536  722482.8610423 
     2.25e-11  289650.0779245  272490.9280626  733492.9953358 
      2.5e-11  249704.1629269  277893.8093386  743662.7777603 
     2.75e-11  211454.9815295  278826.3593619  752941.6997735 
        3e-11  175862.6891433  275320.4292537  761363.3004139 
     3.25e-11  143038.8854043  268508.0754153  768990.6848225 
      3.5e-11  118467.7469227  259895.7657337  779433.1799899 
     3.75e-11  99451.02836428   251106.96212  792513.4014259 
        4e-11  80434.30980589  242318.1585062  805593.622862 
     4.25e-11  60680.57919781  230620.5719621  811218.2937683 
      4.5e-11  41302.49843429  214313.2663611  808523.4295627 
     4.75e-11  28390.86288418  198292.3998684  807748.2630284 
        5e-11  17481.30908759  181489.7717736  803895.7274978 
     5.25e-11  7169.294731291  168525.6912629  809613.6306333 
      5.5e-11  369.6488809484  155591.553851  812269.0537918 
     5.75e-11  -2399.565087833  143438.0093153  817234.7022972 
        6e-11  -5168.779056615  131284.4647796  822200.3508026 
     6.25e-11  -7738.703409085  121297.3716507  824014.5664321 
      6.5e-11  -10121.26477275  113171.6659221  825497.5308171 
     6.75e-11  -12005.52682535  105687.8763165  827645.0884612 
        7e-11  -13127.48719232  99037.59850199  828804.8785924 
     7.25e-11  -13858.70119093  93321.9112961  830717.0177055 
      7.5e-11  -14213.95989509  88373.76887525  831520.9804029 
     7.75e-11  -14517.80474652  84233.93670429  833624.3217614 
        8e-11  -14699.04764933  80909.66734848  834234.1270152 
     8.25e-11  -14988.3797469  78020.76315873  835421.1328439 
      8.5e-11  -15420.14252109  75542.94744976  837314.8547933 
     8.75e-11  -16049.2503504  73591.50567121  837302.8170327 
        9e-11  -16870.70438016  71806.35373684  838333.7902753 
     9.25e-11  -17898.91331578  70199.94846343  840485.9067548 
      9.5e-11  -19136.23893736  68709.66212296  840021.2861327 
     9.75e-11  -20495.99496302  67257.73273991  840418.8393004 
        1e-10  -22059.69843987  65860.5130849   842994.97637 
    1.025e-10  -23693.97135499  64373.31220558  842523.586876 
     1.05e-10  -25413.21876362  62847.58489774  842489.0758561 
    1.075e-10  -27256.49189152  61302.88600211  845283.6148827 
      1.1e-10  -29059.67295608  59565.91154299  844026.4449041 
    1.125e-10  -30909.47381264  57779.12340102  845126.0495636 
     1.15e-10  -32688.70171704  55422.13175683  844068.3168596 
    1.175e-10  -34359.77839362  52421.92777324  839072.0845705 
      1.2e-10  -36030.8550702  49421.72378965  834075.8522814 
    1.225e-10  -37701.93174678  46421.51980606  829079.6199922 
     1.25e-10  -39373.00842336  43421.31582247  824083.3877031 
    1.275e-10  -40759.89337948  41011.23182809  833871.1569944 
      1.3e-10  -41672.79686869  38583.40279908  837741.9013492 
    1.325e-10  -42436.90013361  36084.59555918  839560.1539894 
     1.35e-10  -43416.33235344  33731.44407244  851081.4216617 
    1.375e-10  -44218.14679295  31310.82982848  858752.4810949 
      1.4e-10  -44354.59799516  28675.47352798  852851.377174 
    1.425e-10  -44462.39936644  26165.81720202  851672.724757 
     1.45e-10  -44155.89112015  23561.58738701  845326.6874339 
    1.475e-10  -44039.65354059  21068.77419318  843113.2951605 
      1.5e-10  -44246.88964945  18809.17711266  848580.8568103 
    1.525e-10  -43954.32469707  16451.92470871  846924.200147 
     1.55e-10  -43739.28305732  14367.26668118  854394.9240808 
    1.575e-10  -43524.24141756  12282.60865366  861865.6480146 
      1.6e-10  -42962.13625406  10150.93034737  861049.4221115 
    1.625e-10  -42133.59328887  8022.399622899  854271.3956334 
     1.65e-10  -41680.73250028  6071.747436915  858144.4701627 
    1.675e-10  -40404.72010241  4177.700754473  846404.9945302 
      1.7e-10  -39128.70770453  2283.654072031  834665.5188977 
    1.725e-10  -38661.31359912  473.9226597537  840908.2846083 
     1.75e-10  -37975.54418864  -1327.551957221  843582.5271398 
    1.775e-10  -37289.77477816  -3129.026574195  846256.7696712 
      1.8e-10  -35931.22607958  -4684.213581113  844914.0815361 
    1.825e-10  -33975.04328028  -6020.621744863  840003.1284603 
     1.85e-10  -32018.86048098  -7357.029908613  835092.1753845 
    1.875e-10  -30062.67768167  -8693.438072363  830181.2223087 
      1.9e-10  -28106.49488237  -10029.84623611  825270.2692329 
    1.925e-10  -26150.31208306  -11366.25439986  820359.3161571 
     1.95e-10  -25996.35378951  -12071.00528227  838176.3580122 
    1.975e-10  -25104.49528888  -12793.75842325  840009.1027757 
        2e-10  -23920.69066997  -13552.26704258  836508.2327044 
    2.025e-10  -23448.18610971  -14381.17259765  851543.5305261 
     2.05e-10  -22391.86699969  -15040.87936729  852242.1421023 
    2.075e-10  -21237.25172925  -15505.48058651  850992.6052773 
      2.1e-10  -20029.2527221  -15906.74273004  848552.7041846 
    2.125e-10  -18847.11889602  -16312.53910302  846737.1231015 
     2.15e-10  -17976.57037163  -16772.9571409  852442.4226214 
    2.175e-10  -16956.27121865  -17137.42911113  853716.5991725 
      2.2e-10  -15689.61326114  -17344.05761353  847701.0156239 
    2.225e-10  -14721.25056992  -17662.31677152  850184.2913287 
     2.25e-10  -13654.28752818  -17906.21643004  850164.0790367 
    2.275e-10  -12720.19474745  -17948.56916466  854053.868058 
      2.3e-10  -11795.14427083  -17982.53806217  858203.9828944 
    2.325e-10  -10870.09379421  -18016.50695967  862354.0977307 
     2.35e-10  -9728.130598753  -17947.04022729  854829.7489605 
    2.375e-10  -8706.346927097  -17903.68118616  852138.8716489 
      2.4e-10  -7960.533472782  -17923.34401103  860708.0421577 
    2.425e-10  -6950.747603557  -17793.51378245  858462.7727073 
     2.45e-10  -6051.149820319  -17646.0599804  857983.1150123 
    2.475e-10  -5152.916287178  -17369.1828679  854208.0354512 
      2.5e-10  -4254.682754037  -17092.3057554   850432.95589 
    2.525e-10  -3507.75067206  -16889.91537875  852539.8813829 
     2.55e-10  -2851.85491183  -16732.34280391  858185.9408396 
    2.575e-10  -1987.071428606  -16334.86300286  851645.8398705 
      2.6e-10  -1225.631066753  -16003.8305516  849368.1075032 
    2.625e-10  -574.6773134442  -15734.37653472  851593.1956757 
     2.65e-10  6.575594466254  -15342.12604244  853795.1710067 
    2.675e-10  514.7572507503  -14924.68695841  857738.4497327 
      2.7e-10  1022.938907034  -14507.24787439  861681.7284587 
    2.725e-10  1638.144548963  -14057.63360322   857364.26897 
     2.75e-10  2290.980556925  -13596.83990764  850010.442925 
    2.775e-10  2659.240822781  -13227.74860113  858553.8417916 
      2.8e-10  3115.318857632  -12798.7617499  861507.9398287 
    2.825e-10  3621.945794159  -12314.12146391  858919.6139212 
     2.85e-10  4021.493453997  -11861.27549204  855738.6432553 
    2.875e-10  4417.413738902  -11406.32196436  851791.7297384 
      2.9e-10  4772.514039854  -10967.08558104  850764.6607991 
    2.925e-10  5032.096180061  -10564.62708381  856569.9851321 
     2.95e-10  5367.341714852  -10065.60675119  853682.573267 
    2.975e-10  5715.476857399  -9539.800408775  848225.287896 
        3e-10  5907.857820527  -9133.84026438  852201.7897115 
