            0  608111.8318204              0  608111.8318204 
      2.5e-12  585338.0123763  48491.50006094  623944.1123658 
        5e-12  557566.4240201  92614.36514065  639237.2892307 
      7.5e-12  525526.7003029  133102.4705604  653610.1088662 
        1e-11  490060.9572099  168617.7636609  668154.192659 
     1.25e-11  452128.9130426  198396.189213  682060.1869339 
      1.5e-11  413023.030792  223135.0845519  695353.0156683 
     1.75e-11  372249.2455577  243430.5060153  707231.5885579 
        2e-11  333391.7618807  258588.0149932  718630.4717638 
     2.25e-11  295277.6592523  269282.8986788  729756.3497053 
2.252597115123e-11  -708787680067.1  -1.605590542093e+13  1.139240899563e+13 
