            0  608111.8318204              0  608111.8318204 
        5e-12  561608.9062278  95454.38861173  639924.4671857 
        1e-11  496752.8448758  176100.7026255  667773.5573243 
      1.5e-11  419035.5523297  237119.5734791  694142.0481879 
        2e-11  334303.7887739  276293.8730563  718739.5329036 
2.56078518661e-11  239067.3098825  294254.8832038  742630.7206941 
        3e-11  170088.8729266  291101.2800379  758092.4080029 
3.589716019215e-11  91730.32455171  268478.6698052  774883.1429647 
        4e-11  49021.24813371  244388.3833649  784490.6213134 
      4.5e-11  10551.08642225  210462.0514814  794492.3635437 
        5e-11  -14165.74235217  175671.9500133  802997.8701006 
      5.5e-11  -27404.01994485  143410.0659283  810242.6627561 
        6e-11  -31957.63601657  115908.9310242  816385.6615681 
      6.5e-11  -30688.86746349  94311.93704127  821566.382519 
7.05196227728e-11  -25644.36159866  77556.23048359  826326.8344655 
7.522214608837e-11  -20414.33109559  68634.44065433  829708.5935873 
        8e-11  -15663.47622017  63714.0046409  832609.9041024 
      8.5e-11  -12279.87266214  61875.56143227  835163.3322037 
        9e-11  -11059.64252945  62169.51034571  837310.9266898 
      9.5e-11  -12130.40723324  63418.79788861  839130.2066099 
1.000986420377e-10  -15370.05333034  64658.94644206  840714.4533801 
     1.05e-10  -20107.09733376  65094.27292903  842031.2707851 
      1.1e-10  -26025.14201179  64300.83813618  843208.5131698 
     1.15e-10  -32445.07338706  62018.2981775  844251.8620118 
      1.2e-10  -38794.53205886  58229.76229986  845188.5793551 
1.250790775452e-10  -44679.56962714  52994.44772568  846051.3334281 
      1.3e-10  -49481.50159498  46842.10384765  846815.1428226 
     1.35e-10  -53213.91360021  39819.68740751  847527.9779152 
1.403742349569e-10  -55808.0180601  31797.51887435  848229.9876626 
     1.45e-10  -56860.42124636  24805.36432824  848784.5377286 
      1.5e-10  -56849.15078652  17435.53507046  849334.837363 
     1.55e-10  -55784.29639162  10487.58480502  849836.5830932 
1.601004682224e-10  -53799.64978661  4009.538645724  850301.2168795 
     1.65e-10  -51228.56562706  -1530.971718091  850705.6493684 
      1.7e-10  -48121.28580727  -6449.047045881  851079.4233648 
     1.75e-10  -44697.06447412  -10624.43578133  851417.3830226 
      1.8e-10  -41102.74552252  -14093.21156315  851723.0340266 
     1.85e-10  -37455.44815062  -16916.37155197  851999.7236834 
      1.9e-10  -33842.09029252  -19166.79438628  852250.5252027 
     1.95e-10  -30322.10586766  -20921.40460322  852478.2423382 
        2e-10  -26932.93799284  -22250.55475354  852685.3156355 
     2.05e-10  -23690.1062581  -23226.69264567  852874.1178613 
      2.1e-10  -20599.7408786  -23901.5779143  853046.2654461 
     2.15e-10  -17659.55303255  -24319.01320229  853203.4490615 
2.202686094134e-10  -14716.59710961  -24517.70559192  853354.4880843 
     2.25e-10  -12203.04703958  -24508.05061597  853478.541361 
2.301372160299e-10  -9606.958457053  -24313.87156992  853601.9541121 
2.356975036522e-10  -6950.380189991  -23903.57339359  853723.5204077 
      2.4e-10  -5003.743302705  -23452.99785089  853809.7541405 
     2.45e-10  -2864.499947208  -22791.45218378  853902.0586515 
2.502081546682e-10  -782.3094186745  -21954.79388021  853989.926766 
     2.55e-10  995.3767925752  -21062.57481841  854063.9352383 
      2.6e-10  2701.702752575  -20018.6307491  854134.7971524 
2.656830511543e-10  4451.282923918  -18711.72959386  854208.0861605 
      2.7e-10  5640.136022151  -17646.46287724  854259.0198734 
     2.75e-10  6861.040505616  -16349.69218952  854313.3717499 
2.815983060505e-10  8218.711612718  -14565.6005965  854378.1808208 
     2.85e-10  8807.696600805  -13625.29381817  854408.7565851 
2.909062265295e-10  9653.127692623  -11978.63760941  854457.5911429 
2.977744447624e-10  10365.26044413  -10071.26851185  854508.3050781 
        3e-10  10536.60692068  -9460.995959646  854523.4537655 
3.055702786991e-10  10845.44283886  -7960.969676714  854558.8206289 
3.114152199331e-10  10997.35301275  -6442.921755947  854592.3460306 
     3.15e-10  11009.62898209  -5546.879885427  854611.2274151 
      3.2e-10  10933.4057659  -4348.097657916  854635.6220533 
     3.25e-10  10759.2991583  -3214.41139812  854657.9251293 
      3.3e-10  10498.30125045  -2151.287794632  854678.2956879 
3.363935785537e-10  10054.47612902  -900.5310853676  854701.7744397 
      3.4e-10  9756.57636671  -250.6941656893  854713.8608905 
     3.45e-10  9295.700090405  582.6931584088  854729.3472013 
3.586507012849e-10  7823.888668318  2456.024589465  854765.0016019 
      3.6e-10  7666.02765031  2609.678321585  854768.0582881 
     3.65e-10  7068.021722769  3130.46512262  854778.7352857 
      3.7e-10  6454.939075334  3576.210286659  854788.4602092 
     3.75e-10  5833.834446482  3949.522327348  854797.3303576 
3.803058483092e-10  5173.152819166  4269.458229208  854805.8583719 
     3.85e-10  4592.755281135  4490.490685011  854812.7092352 
      3.9e-10  3983.868226097  4665.080398248  854819.3440312 
3.960601212856e-10  3265.212389908  4797.757913704  854826.561515 
        4e-10  2812.682522606  4840.749644413  854830.8359645 
     4.05e-10  2258.332262097  4849.890108149  854835.8082215 
4.103790827773e-10   1690.3061828  4807.451127231  854840.6374974 
     4.15e-10  1228.353828828  4731.641143642  854844.4115454 
      4.2e-10  757.7509695559  4612.90483013  854848.1301558 
4.264141463845e-10  201.5874228698    4411.171735  854852.3907921 
      4.3e-10  -85.25766152176  4277.417756696  854854.5533078 
     4.35e-10  -455.5606483118  4069.468326037  854857.3324893 
      4.4e-10  -790.7981617986  3840.210330287  854859.8545172 
4.461460213042e-10  -1155.121241614  3535.236626584  854862.6384996 
      4.5e-10  -1356.519508354  3333.732217503  854864.2307563 
     4.55e-10  -1587.379226921  3063.66982848  854866.1328354 
4.609120001281e-10  -1817.076592256  2736.073560918  854868.1569338 
     4.65e-10  -1949.442823568  2506.827269924  854869.4317383 
4.702740140237e-10  -2089.241660629  2210.761811416  854870.9326452 
     4.75e-10  -2186.37975409  1947.459973054  854872.1549735 
      4.8e-10  -2261.048448134  1673.440616022  854873.3399352 
4.855009808709e-10  -2313.445529295  1379.810570341  854874.5202365 
      4.9e-10  -2334.077097519  1147.46798744  854875.3969446 
     4.95e-10  -2335.361997751  898.8836365931  854876.289817 
5.030081047963e-10  -2294.187712346  525.9028630219  854877.5611076 
     5.05e-10  -2276.687843912  438.3148039721  854877.8522221 
5.111715517545e-10  -2206.064450494   181.20022577  854878.6889814 
     5.15e-10  -2150.88154779  32.94766009108  854879.1641807 
      5.2e-10  -2067.377289571  -147.280601658  854879.7407999 
     5.25e-10  -1972.732383159  -312.1772196002  854880.2705814 
5.322051016559e-10  -1820.190019791  -521.9068232282  854880.9682183 
     5.35e-10  -1756.958623914  -594.3341992209  854881.2189606 
      5.4e-10  -1639.560663795  -711.7922306941  854881.6429951 
     5.45e-10  -1517.829481148  -813.7746622676  854882.0387218 
5.517482591246e-10  -1349.275959515  -927.6812801498  854882.5347988 
5.56071273339e-10  -1240.198802628  -986.6819890398  854882.8295696 
5.607149066441e-10  -1123.208107379  -1038.282523933  854883.1283225 
     5.65e-10  -1016.19931599  -1075.93366102  854883.3910349 
      5.7e-10  -893.4615932749  -1108.129269341  854883.6804673 
     5.75e-10  -773.8457161127  -1128.504257928  854883.9509597 
      5.8e-10  -658.2996581576  -1137.590462097  854884.2078171 
     5.85e-10  -547.5242899654  -1136.620940076  854884.4516429 
5.92233502777e-10  -396.9600807443  -1119.176148848  854884.7792712 
5.986841957366e-10  -273.8721149451  -1088.966302401  854885.0514447 
        6e-10  -249.9785762601  -1081.474047738  854885.1045002 
     6.05e-10  -163.2405875641  -1049.139889152  854885.2956893 
6.118422383709e-10  -55.67482306534  -995.5570466436  854885.5422388 
     6.15e-10  -10.3641337266  -967.8730790797  854885.6488043 
      6.2e-10  55.51939360993  -920.7087396526  854885.8076731 
     6.25e-10  114.5161873434  -870.3283820109   854885.95824 
      6.3e-10    165.8375475  -817.2107973705  854886.1005522 
6.367935690796e-10  224.5468546052  -742.4381233573  854886.2795999 
6.418678531805e-10  260.8431557234  -685.5456331348  854886.4024818 
6.495071111918e-10   303.29339902  -599.3060134009   854886.57039 
      6.5e-10  305.5231657987  -593.7517076662  854886.5807286 
     6.55e-10  325.0965549265  -537.7857039102  854886.6821522 
      6.6e-10  339.0665773261  -482.8822686762  854886.7747782 
6.70036939419e-10  351.7149167678  -377.3662792294  854886.9414096 
     6.75e-10  351.0219472849  -328.1496074951  854887.0127802 
      6.8e-10  346.0220471315  -281.047645475  854887.0791348 
     6.85e-10  337.3337864394  -236.5797423843  854887.1403603 
      6.9e-10  325.4610701842  -194.8848162124  854887.1957434 
     6.95e-10  310.7180166759  -156.131273445  854887.2458739 
        7e-10  293.4760050679  -120.3526990644  854887.291164 
     7.05e-10  273.8626452911  -87.90882996503  854887.3298054 
      7.1e-10  252.3373925026  -58.79988903633  854887.3644401 
     7.15e-10  229.420160903  -32.91192857819  854887.3950563 
      7.2e-10  205.4671616784  -10.02862985986  854887.4218093 
     7.25e-10  180.6511876084  9.770693132972  854887.4441928 
      7.3e-10  155.4017006202  26.31279473121  854887.4629529 
     7.35e-10  130.0096029105  39.92367988174  854887.4789056 
      7.4e-10  104.6911499779  50.90124146825  854887.4921185 
7.552045527602e-10  30.10973553289  69.12019662175  854887.5183168 
      7.6e-10  7.928463274972  70.40567584813  854887.5226966 
     7.65e-10  -14.29355513003  69.77916717028  854887.5247683 
      7.7e-10  -35.40649793009  67.36142871944  854887.5257524 
     7.75e-10  -55.22211355005  63.16805508015  854887.5248674 
      7.8e-10  -73.81080641139  57.49744502891  854887.5235159 
     7.85e-10  -91.04053933464  50.54118141651  854887.5207641 
      7.9e-10  -106.7601880233  42.40194205379  854887.5177482 
     7.95e-10  -120.9742170994   33.328996466  854887.5132602 
        8e-10  -134.1399751998  23.67920427769  854887.5081826 
     8.05e-10  -145.9558065726  13.38347345531  854887.502935 
8.073511491464e-10  -150.9370743354  8.303892294937  854887.5003268 
