            0  608111.8318204              0  608111.8318204 
        5e-12  561612.998177  95438.82072855  639933.3707495 
8.044426005213e-12  523972.6947721  146670.0756921  657137.278776 
        1e-11  496778.3793181  176068.0395231  667788.115288 
1.056196515496e-11  488583.8518733  183965.3057057  670810.2147913 
      1.5e-11  419110.8513261  237077.1432011  694139.1702564 
1.925669768243e-11  347222.5733302  271848.0131428  715225.9803674 
        2e-11  334440.2500355  276266.4531797  718715.6851333 
2.29732092703e-11  283432.8183208  289109.8100339  731948.9318807 
      2.5e-11  249300.8549613  293578.7254445  740240.2130142 
2.707724336191e-11  215395.3451092  294782.224117  748095.9850893 
        3e-11  170303.7591705  291190.4641065  758077.9063684 
3.169102655236e-11  145940.5171542  286594.3925831  763316.6891561 
      3.5e-11  102591.4041051  273146.2376403  772566.2151227 
3.577243361909e-11  93360.95679203  269286.1298069  774554.8785035 
        4e-11  49145.46772041  244624.7724538  784479.786539 
4.104743900573e-11  39851.18014645  237804.6588678  786714.6515882 
      4.5e-11  10587.15947211  210732.7880666  794472.7407858 
4.625807484422e-11  3121.297802903  201912.7999573  796737.9845328 
        5e-11  -14237.03598214  175963.5071244  802970.7725864 
5.245155093468e-11  -22047.10734626  159655.5500287  806664.7214927 
      5.5e-11  -27576.41691805  143673.6690551  810207.8344552 
5.602414059054e-11  -29129.5545759  137582.259698  811548.955629 
        6e-11  -32184.64779749  116093.5334255  816347.0403809 
6.125040265812e-11  -32317.08093625  110095.4942579  817728.4441265 
      6.5e-11  -30959.16669468  94409.97882781  821531.7413978 
6.749758405127e-11  -28983.96184731  85881.71538873  823802.7401487 
        7e-11  -26485.21056768  78830.49565606  825886.2460943 
7.041273294026e-11  -26035.10905128  77821.5790326  826210.1545866 
      7.5e-11  -20896.89605276  68906.43413003  829529.1319009 
        8e-11  -15871.19814309  63571.43972852  832586.6463682 
8.04054607071e-11  -15520.15443866  63308.75993945  832810.8864734 
8.390573952617e-11  -12992.82848716  61877.14719076  834619.6531055 
      8.5e-11  -12407.40954117  61695.05830488  835141.3455111 
8.596166783752e-11  -11979.62824906  61621.69544488  835583.708454 
8.756444756673e-11  -11453.07036275  61652.36438784  836289.433763 
8.916722729593e-11  -11164.30179287  61839.5547837  836957.9243753 
        9e-11  -11108.97076808  61985.82124669  837291.3758095 
9.038332162477e-11  -11105.31908196  62062.3953999  837441.7804138 
9.134162568669e-11  -11155.76484533  62275.39349461  837809.5740057 
9.229992974862e-11  -11290.75930047  62513.14584696  838166.0272061 
9.377378919923e-11  -11671.83275971  62912.08376434  838691.7471154 
      9.5e-11  -12126.47703921  63255.28528784  839112.1555301 
9.568471618668e-11  -12435.22127357  63446.68148533  839340.1290339 
9.826926323367e-11  -13942.43063093  64125.27870865  840158.531725 
        1e-10  -15231.81906899  64504.19357509  840671.6685818 
1.001800085381e-10  -15377.94511958  64538.79034301  840723.5738357 
1.010800512288e-10  -16140.6331833  64695.5261488  840979.0462795 
1.019800939194e-10  -16954.15616322  64822.9778143  841228.0351511 
1.028801366101e-10  -17815.40211637  64917.91298636  841470.785072 
1.037801793007e-10  -18720.95537214  64977.62081982  841707.5172529 
1.046802219913e-10  -19667.50077565  64999.4268661  841938.4896324 
     1.05e-10  -20013.04781861  64997.57579402  842019.2049202 
1.054193084116e-10  -20473.02205015  64987.33745074  842124.0169994 
1.062734539373e-10  -21433.03141118  64937.95335005  842333.9292664 
1.073605467227e-10  -22695.12762462  64818.19484354  842594.4709975 
1.084476395081e-10  -23996.66084583  64632.05743293  842847.9290084 
1.095347322935e-10  -25331.42502887  64377.26490064  843094.6247697 
      1.1e-10  -25911.23702034  64246.81362962  843198.1843354 
1.103081598146e-10  -26298.35618099  64151.54206002  843265.9764928 
1.118796048041e-10  -28297.9282076  63566.56708312  843603.9560797 
     1.15e-10  -32327.62912727  61961.58424187  844240.8625577 
1.198306582169e-10  -38451.33155115  58337.93549256  845150.4715492 
      1.2e-10  -38659.57967724  58187.8774217  845180.8870523 
1.242203892237e-10  -43599.16189648  53965.92605856  845906.5563416 
     1.25e-10  -44451.60202978  53090.88253001  846034.3288129 
1.342874776142e-10  -52627.79658014  40946.06905701  847427.8535587 
     1.35e-10  -53087.66956046  39915.07106181  847525.6078738 
      1.4e-10  -55581.0322024  32490.76881886  848180.3738912 
1.430087562919e-10  -56465.23163941  27958.55936098  848549.0874982 
     1.45e-10  -56803.91766143  24964.5504635  848781.7672114 
      1.5e-10  -56838.07201703  17600.4300127  849331.079784 
1.510175125839e-10  -56709.68430122  16143.5707016  849436.8837571 
     1.55e-10  -55811.37713317  10636.84706361  849832.3036122 
      1.6e-10  -53905.85442137  4259.347869455  850288.5803441 
     1.65e-10  -51318.5427363  -1423.910517354  850702.600591 
      1.7e-10  -48239.01925796  -6374.7151003  851075.2029888 
     1.75e-10  -44824.71143279  -10583.14256354  851413.0039792 
1.790422360128e-10  -41933.26487481  -13472.33137923  851662.4722789 
      1.8e-10  -41234.51388968  -14090.56965765  851718.6752565 
     1.85e-10  -37573.11344909  -16940.89627778  851995.5590254 
1.859431541883e-10  -36882.56933429  -17410.46312818  852044.7830005 
      1.9e-10  -33937.7649831  -19207.77079249  852246.5233812 
1.943979505335e-10  -30817.06424645  -20784.7502902  852448.1514864 
     1.95e-10  -30396.87696825  -20972.7764347   852474.42869 
        2e-10  -26985.86875896  -22307.03128889  852681.4797077 
     2.05e-10  -23726.04729879  -23279.25636277  852870.1590581 
2.091729117722e-10  -21136.51679148  -23836.53007087  853014.2239913 
      2.1e-10  -20636.29406664  -23924.66606445  853041.6590673 
2.14729909162e-10  -17860.90204207  -24294.07871715  853191.0595458 
     2.15e-10  -17705.6623821  -24310.25478309  853199.3806163 
2.184769230458e-10  -15754.31847952  -24448.2119775  853301.5110307 
2.198025598815e-10  -15028.87470081  -24474.0537782  853338.7889888 
      2.2e-10  -14921.02849678  -24477.6737751  853344.3826534 
     2.25e-10  -12273.56980003  -24452.32812962  853477.4040839 
      2.3e-10  -9746.167811907  -24266.25913319  853599.5703682 
2.316731418825e-10  -8929.131310257  -24166.67458733  853638.0123017 
     2.35e-10  -7347.780545134  -23914.71383143  853710.7513506 
2.357943261231e-10  -6978.70206155  -23844.12050904  853727.4359243 
2.393411947412e-10  -5378.45968127  -23472.74835315  853798.5937455 
      2.4e-10  -5088.212562965  -23395.87130625  853811.4137127 
2.482172019822e-10  -1670.921071832  -22225.75461678  853958.6243337 
      2.5e-10  -975.2354724005  -21928.47851793  853988.3174678 
2.616919777456e-10   3124.4750505  -19611.57720482  854160.4000295 
     2.65e-10  4131.952134268  -18854.45310722  854202.5177073 
2.928689307317e-10  9812.245669033  -11528.06437962  854475.1183639 
     2.95e-10  10045.40672067  -10938.42962906  854489.951227 
3.0658234527e-10  10857.64211997  -7796.80548187  854563.9160364 
      3.1e-10  10959.88813219  -6906.048142888  854583.4754008 
     3.15e-10  11007.2486254  -5644.105378756  854610.0793546 
3.206680612118e-10  10926.1848702  -4282.802424906  854637.6310538 
     3.25e-10  10777.86693487  -3298.285759083  854656.8753006 
      3.3e-10  10523.88909739  -2227.405477781  854677.2956981 
3.336698950633e-10  10287.03660449  -1489.187566308  854691.0603578 
     3.35e-10  10191.55770166  -1231.474081399  854695.8560352 
      3.4e-10  9791.348113099  -312.2963679116  854712.8295986 
     3.45e-10  9333.711386876  527.6311294365  854728.3988694 
      3.5e-10  8828.34631495  1288.518674913  854742.6313568 
     3.55e-10  8284.125285406  1970.271842953  854755.6149316 
3.581279628043e-10  7927.619890322  2356.418931124  854763.0500192 
      3.6e-10  7709.301993929  2573.125065296  854767.3402266 
     3.65e-10  7112.119900313  3099.121640104  854778.0089053 
      3.7e-10  6499.562486094  3550.302912593  854787.8483911 
3.880860522055e-10  4261.900117189  4599.576070597  854816.5727703 
      3.9e-10  4029.739461814  4661.138096609  854819.0312478 
     3.95e-10  3433.120639886  4781.056811297  854825.0106369 
3.971095999387e-10  3188.209732446  4810.099391359   854827.39696 
        4e-10  2858.250000896  4835.429347412  854830.3972134 
     4.05e-10  2307.047969677  4838.075912614  854835.3411084 
      4.1e-10  1786.175478878  4793.124347676  854840.1370518 
     4.15e-10  1290.482366136  4710.497383405  854844.2038909 
4.31377045534e-10  -95.79602388916  4193.280740633  854855.0828759 
     4.35e-10  -358.6387884402  4045.307263584  854857.2800606 
      4.4e-10  -694.4688905384  3825.94361961  854859.3173305 
     4.45e-10  -997.3148552896  3589.637202615  854862.7033433 
4.496249333838e-10  -1247.906295641  3358.549925575  854864.6686339 
      4.5e-10  -1266.958203706  3339.320195807  854864.8167099 
     4.55e-10  -1494.54949353  3075.685259758  854866.5358208 
4.573582284445e-10  -1590.849066494  2948.843828403  854867.2835499 
      4.6e-10  -1689.771018915  2805.542011567  854868.1243781 
     4.65e-10  -1846.996889358  2533.881294762  854869.8710054 
      4.7e-10  -1986.951003655  2261.080643655  854871.4905459 
4.945029529884e-10  -2284.738818437  985.9037346564  854876.9096596 
     4.95e-10  -2284.816141641  961.8753910079  854876.9600619 
        5e-10  -2268.017396078  729.142069675  854877.4744821 
5.0798493304e-10  -2200.012004262  389.0915770022  854878.5457313 
      5.1e-10  -2178.059270751  307.3847581888  854878.7448202 
     5.15e-10  -2111.984896892  116.4540290698  854879.3394116 
      5.2e-10  -2032.353986088  -59.36025092116  854879.8595126 
     5.25e-10  -1943.354346742  -220.8158599498  854880.3746629 
5.433313022927e-10  -1551.019939704  -663.8950188005  854883.0948034 
     5.45e-10  -1514.614517484  -697.2186141202  854882.7594083 
      5.5e-10  -1400.497833664  -784.95844798  854883.0027268 
     5.55e-10  -1284.754539834  -856.0703404743  854882.6701346 
5.771044532445e-10  -785.8208072784  -1025.149443225  854883.2012756 
      5.8e-10  -723.6725543028  -1033.730050409  854883.4041308 
     5.85e-10  -619.1751904873  -1040.797231645  854884.1048941 
5.974736074523e-10  -388.132877477  -1012.515242556  854884.7548638 
        6e-10  -343.6651449223  -1004.185085656  854885.0005479 
     6.05e-10  -261.9316217592  -979.9391320174  854885.0539755 
      6.1e-10  -186.8959032491  -950.6013326981  854885.1898361 
    6.125e-10  -149.8004749562  -935.2578520785  854885.3998863 
     6.15e-10  -114.4672093761  -918.6878082357  854885.5348763 
      6.2e-10  -50.77765611649  -880.24170362  854885.6947915 
     6.25e-10  6.303474369361  -837.9819107935  854885.9082395 
      6.3e-10  56.39078350005  -794.1692254931  854885.9921841 
     6.35e-10  101.5079465159  -748.2909740223  854886.2139153 
      6.4e-10  141.1990267128  -701.6191942162  854886.4272267 
6.498835852363e-10  204.525441392  -608.3384292624  854886.5366025 
      6.5e-10  205.1675738346  -607.2196593391  854886.5388981 
     6.55e-10  229.4243010512  -559.2465997085  854886.623866 
      6.6e-10  246.3825226428  -510.95370762  854886.7058906 
     6.65e-10  258.5144022208  -464.1963314755  854886.7751929 
      6.7e-10  267.5997328342  -418.9054263314  854886.8562886 
6.911976019688e-10  260.0841284766  -252.5191469369  854886.9766695 
     6.95e-10  254.9928846311  -225.8335403542  854887.1299539 
        7e-10  245.9968459613  -191.938872591  854887.1672449 
7.079398625696e-10  223.4894683822  -144.8341616617  854887.2409855 
      7.1e-10  217.6320906849  -133.3042126836  854887.2503559 
7.289733345253e-10  150.888070138  -52.09373021762  854887.3100307 
      7.3e-10  147.2632632168  -48.38231180458  854887.3189701 
7.499097939675e-10  70.4693765843  -1.250842778788  854887.4417566 
      7.5e-10   70.136270019  -1.091355439646  854887.4410942 
     7.55e-10  51.58923908509  6.826390294758  854887.4397735 
      7.6e-10  32.91625489667  12.35236571569  854887.4102901 
7.632321778618e-10  21.57566153766  13.97233180347  854887.4194808 
     7.65e-10  15.36939315314  15.31132582103  854887.411014 
      7.7e-10  -2.092720150042  17.87788344979  854887.4312701 
     7.75e-10  -19.18556365504  18.34742911634  854887.3853492 
      7.8e-10  -35.44402686805  17.41000687458  854887.4516619 
     7.85e-10  -50.64332019569  15.15096885129  854887.3303995 
      7.9e-10  -65.28321823003  11.91598785167  854887.5263907 
8.109406771475e-10  -113.4684493201  -14.31872557496  854887.5010125 
     8.15e-10  -119.7809372305  -20.49227941857  854887.4018528 
      8.2e-10  -127.9541224592  -26.7803755883  854887.5126766 
8.278055879949e-10  -138.0783862151  -38.1424349072  854887.4388582 
      8.3e-10  -140.9224596086  -41.37651685645  854887.4163471 
8.511276818321e-10  -157.0177175713  -74.37958629978  854887.303044 
     8.55e-10  -159.0037530349  -80.18485757183  854887.4311872 
      8.6e-10  -160.0715004613  -87.60808778962  854887.1671531 
     8.65e-10  -160.4816939365  -94.62712168958  854887.2563717 
      8.7e-10  -160.599085448  -101.1742142102  854887.2577148 
     8.75e-10  -160.4498117895  -107.8207228179  854887.323811 
