  -2.1363032e-03
  -7.6666969e-04
  -2.1181619e-04
  -6.1953865e-04
   5.4565849e-03
  -1.2488835e-04
   2.0976131e-04
  -2.7874709e-04
   1.0751602e-03
   2.8828931e-03
   2.5379859e-03
   3.9229311e-03
   9.2984777e-04
  -2.0302435e-05
   1.4292513e-03
  -2.7579549e-05
   8.2815929e-05
   2.2513534e-06
  -8.7480464e-05
  -6.1794701e-04
  -8.3792038e-05
   1.0986539e-04
   1.3039403e-04
   2.1100624e-04
   2.8832752e-04
   2.5464150e-04
   1.3884379e-03
   2.3969013e-04
   2.8632804e-03
   6.7943665e-07
  -1.5607033e-04
  -9.1959091e-04
   1.0067142e-03
  -1.2940637e-03
  -1.9426717e-03
  -1.4678558e-03
  -5.5800875e-04
   6.2312378e-04
   1.3452116e-03
   1.2805842e-03
  -1.3348066e-04
  -1.1362516e-04
  -4.8643901e-05
  -1.3718357e-05
  -5.3665661e-07
  -1.1529671e-05
  -3.8394432e-06
  -1.1330690e-03
   1.6100370e-01
   1.4457109e-02
  -4.7562604e-03
  -2.9156969e-03
  -1.0285492e-03
   2.0788543e-03
  -2.3431793e-03
  -4.7032948e-03
  -1.2666349e-03
  -5.4251371e-04
  -8.1982035e-04
  -1.0896195e-03
   6.8399536e-02
   7.5055555e-02
   2.8284882e-03
  -6.4667659e-03
  -2.5407612e-03
  -8.3813125e-04
  -9.2865431e-04
  -1.7698660e-03
   8.3616704e-03
  -6.5803787e-04
  -2.1358104e-02
   2.9622149e-04
  -3.8102719e-04
  -2.2069867e-04
   2.1875210e-04
  -1.7846342e-04
  -9.1572968e-02
  -1.3006766e-02
  -6.9208444e-03
  -4.4619883e-03
  -3.5544214e-03
  -3.2042280e-03
  -1.5259110e-03
  -9.7764723e-04
  -4.2704727e-04
  -4.8194875e-04
  -4.5146215e-04
  -3.7077887e-04
  -3.1676774e-04
  -2.0463062e-04
  -2.3040517e-04
   4.8195032e-03
   8.2144914e-02
   7.2856365e-02
  -8.6107917e-05
  -1.1002805e-03
  -2.1544168e-03
  -4.2516346e-03
  -7.4293594e-03
  -6.7043156e-03
   1.7931385e-03
   1.0589170e-02
   1.0724983e-02
   9.7426138e-03
   4.0010551e-03
   2.6888958e-03
   3.3895144e-04
   7.8875990e-03
   5.7108113e-03
  -4.0831857e-03
  -2.8741397e-03
  -2.4096940e-03
  -2.6866259e-03
   1.7022543e-03
   1.9354335e-02
   8.5731059e-02
   5.0736215e-03
   2.4845242e-03
   5.2147161e-03
  -2.2253777e-03
  -2.0421597e-03
  -1.1554561e-03
  -3.0443377e-03
  -5.3865450e-04
  -2.5700159e-03
  -2.9798317e-03
  -3.5686807e-03
  -4.7669296e-03
   5.5928074e-03
   3.7510292e-03
   6.9070493e-04
  -8.5349089e-03
  -1.3935658e-02
  -1.0342259e-02
  -3.3399789e-03
   7.8112565e-02
   7.4020415e-02
   7.0185896e-02
   6.6935482e-02
   6.4609489e-02
   6.3562955e-02
   6.4190518e-02
   6.7022264e-02
   8.2431728e-02
   6.3911067e-03
   4.4911958e-02
  -2.1363032e-03
   1.4929183e-02
   4.1691005e-03
   4.4911958e-02
   8.2431728e-02
   7.2689910e-02
   6.6930970e-02
   6.4152957e-02
   6.3568044e-02
   6.4647636e-02
   6.6999516e-02
   7.0265148e-02
   7.4108082e-02
   7.8202058e-02
   8.2229783e-02
   8.5878745e-02
   8.8835248e-02
   9.0778909e-02
   9.1364422e-02
   9.0206901e-02
   8.6797158e-02
   8.0433193e-02
   7.0264916e-02
   1.1391171e-01
   2.1772149e-01
   4.4532131e-01
   6.5170293e-01
   4.6675206e-01
   1.6983735e-01
   9.1727030e-02
   9.8068084e-02
   9.0920681e-02
   8.2090374e-02
   7.3973752e-02
   6.8920617e-02
   8.4138523e-02
   3.4716756e-02
  -2.5293291e-01
  -5.0447964e-01
  -3.6626996e-01
  -1.6087300e-01
  -9.1572968e-02
   7.0444030e-04
   1.5983485e-04
  -2.2170290e-04
  -3.9714561e-04
  -3.9139461e-04
  -3.0670772e-04
  -2.0636656e-04
  -1.0479149e-04
   1.0884134e-04
  -3.4266084e-04
  -4.0206791e-04
  -2.5119626e-04
  -1.8754353e-04
  -1.8138266e-04
  -1.7257378e-04
  -1.6499083e-04
  -1.5961035e-04
  -1.6058142e-04
  -1.7190698e-04
  -1.4201389e-04
  -5.5866862e-05
   5.3532890e-05
   5.9852028e-04
  -4.3938558e-04
  -6.7538622e-05
   5.3367012e-04
  -5.1634042e-04
   7.0264916e-02
   8.0484384e-02
   8.6857142e-02
   9.0250468e-02
   9.1368963e-02
   9.0733971e-02
   8.8738694e-02
   1.1391171e-01
   2.1808251e-01
   4.4692266e-01
   6.5219774e-01
   4.6323991e-01
   1.6754956e-01
   9.1763267e-02
   9.8046139e-02
   9.0707710e-02
   8.1893908e-02
   7.3745038e-02
   6.8978250e-02
   8.4747903e-02
   2.8573385e-02
  -2.6661812e-01
  -5.0557074e-01
  -3.5501283e-01
  -1.5573985e-01
  -2.1181619e-04
  -9.8435274e-04
  -1.2341309e-03
  -8.8247942e-04
  -2.2206501e-04
   1.5651356e-04
   2.3484554e-04
   1.8980092e-04
   9.0252011e-05
  -1.8507307e-05
  -1.2235275e-04
  -2.2263448e-04
  -3.1756399e-04
  -3.8577201e-04
  -3.7131988e-04
  -2.0974475e-04
   2.3474280e-04
   8.3430195e-04
   9.6846501e-04
   5.2146736e-04
   6.5771122e-02
   6.4052408e-02
   6.3550798e-02
   6.4587119e-02
   6.7591280e-02
   7.3284391e-02
   8.2431728e-02
   6.9614835e-02
   7.7131408e-02
   8.4903444e-02
   9.3896833e-02
   9.7332911e-02
   9.4177645e-02
   2.1149137e-01
   5.1592212e-01
   6.4477546e-01
   4.2290236e-01
   2.1266724e-01
   1.1391171e-01
   7.0264916e-02
   8.0119647e-02
   8.6429751e-02
   8.9940048e-02
   9.1317660e-02
   9.1001728e-02
   8.9376796e-02
   8.6746323e-02
   8.3395092e-02
   7.9604332e-02
   7.5653205e-02
   7.1822283e-02
   1.1391171e-01
   2.1772149e-01
   4.4532131e-01
   6.5170293e-01
   4.6675206e-01
   1.6983735e-01
   9.1727030e-02
   9.8068084e-02
   9.0920681e-02
   8.2090374e-02
   7.3973752e-02
   6.8920617e-02
   8.4138523e-02
   3.4716756e-02
  -2.5293291e-01
  -5.0447964e-01
  -3.6626996e-01
  -1.6087300e-01
  -9.1572968e-02
  -9.1572968e-02
  -1.5224587e-01
  -3.2617177e-01
  -5.0435746e-01
  -3.6122139e-01
  -4.9395596e-02
   8.2436144e-02
   8.2431728e-02
   7.2689910e-02
   6.6930970e-02
   6.4152957e-02
   6.3568044e-02
   6.4647636e-02
   6.6999516e-02
   7.0265148e-02
   7.4108082e-02
   7.8202058e-02
   8.2229783e-02
   8.5878745e-02
   8.8835248e-02
   9.0778909e-02
   9.1364422e-02
   9.0206901e-02
   8.6797158e-02
   8.0433193e-02
   7.0264916e-02
  -1.8673949e-04
  -1.6814852e-04
  -3.9828505e-04
  -3.4266084e-04
  -1.5870912e-03
  -5.1634042e-04
  -2.9877338e-04
  -2.0165208e-04
  -1.0245754e-04
   6.7943620e-07
   1.0884134e-04
   2.0976131e-04
   2.4837277e-04
   1.1940651e-04
  -2.7999438e-04
  -8.6833260e-04
  -1.2650649e-03
  -9.8435274e-04
   5.3367012e-04
   1.7141547e-03
  -3.4388913e-04
   4.2110818e-04
   2.4343127e-05
  -1.6727414e-04
  -1.6528737e-04
  -1.5520682e-04
  -1.5502009e-04
  -1.5813320e-04
  -1.6132398e-04
  -1.6290832e-04
  -1.6888853e-04
  -1.9863376e-04
  -2.9846190e-04
  -2.0586119e-04
  -2.7747494e-04
  -1.7490836e-03
  -1.4811956e-03
  -5.1634042e-04
  -9.8435274e-04
  -1.2341309e-03
  -8.8247942e-04
  -2.2206502e-04
   1.5651356e-04
   2.3484554e-04
   1.8980092e-04
   9.0252011e-05
  -1.8507307e-05
  -1.2235275e-04
  -2.2263448e-04
  -3.1756399e-04
  -3.8577201e-04
  -3.7131988e-04
  -2.0974475e-04
   2.3474280e-04
   8.3430195e-04
   9.6846501e-04
   5.2146736e-04
  -3.3792621e-04
  -4.0080662e-04
  -4.5561052e-04
  -6.8448061e-04
  -6.5163482e-04
  -3.3146202e-04
   7.3228158e-04
   9.8137480e-04
  -3.3792621e-04
  -4.0080662e-04
  -4.5561052e-04
  -6.8448061e-04
  -6.5163482e-04
  -3.3146202e-04
   7.3228158e-04
   9.8137480e-04
  -2.1874527e-03
  -1.4345841e-03
  -2.1874527e-03
  -1.4345841e-03
   1.1543450e-04
  -6.3599386e-05
   5.2146736e-04
  -5.1634042e-04
  -1.1351750e-03
  -5.7550047e-04
  -3.9952677e-04
  -3.6124917e-04
  -1.9856121e-04
  -1.5864252e-04
  -1.6202965e-04
  -1.6324763e-04
  -1.5950733e-04
  -1.5678073e-04
  -1.6145891e-04
  -1.7042302e-04
  -1.4135539e-04
   1.5458723e-05
   5.0641078e-05
   1.7970346e-04
   9.2156915e-04
   5.3367012e-04
   9.7455068e-04
   1.9247962e-03
  -5.1936435e-05
   1.6126753e-04
   2.3391754e-04
   3.4279577e-04
   2.8276967e-04
  -8.0641519e-05
  -9.4698128e-04
  -2.1181619e-04
  -2.1181619e-04
  -8.8919646e-04
  -9.3577097e-05
   3.9267612e-04
   2.5560724e-04
  -9.3842651e-04
  -1.8678953e-04
  -1.9641721e-04
   9.8137480e-04
   1.9247962e-03
   9.7455068e-04
  -9.8435274e-04
  -1.4345841e-03
  -2.1874528e-03
  -3.3792622e-04
  -4.0080662e-04
  -4.5561052e-04
  -6.8448061e-04
  -6.5163482e-04
  -3.3146202e-04
   7.3228158e-04
   9.8137480e-04
  -4.1582956e-04
  -2.1620702e-04
   5.2146736e-04
   9.7455068e-04
   1.9247962e-03
  -5.1936435e-05
   1.6126753e-04
   2.3391754e-04
   3.4279577e-04
   2.8276967e-04
  -8.0641519e-05
  -9.4698128e-04
   1.9247962e-03
   9.7455068e-04
  -5.1936435e-05
   1.6126753e-04
   2.3391754e-04
   3.4279577e-04
   2.8276967e-04
  -8.0641519e-05
  -9.4698128e-04
   5.4567042e-02
   2.3706498e-02
  -1.9276041e-02
  -5.2230422e-02
  -6.4515612e-02
  -5.7547584e-02
  -3.0797770e-02
  -5.5261168e-03
   1.9530588e-02
  -5.9231886e-03
  -7.3920650e-03
  -3.9773769e-03
  -4.8504039e-03
  -5.9371442e-03
   5.2599154e-03
   5.3367012e-04
  -1.7431381e-05
   1.5736128e-02
  -9.0623949e-04
  -1.1736937e-03
   6.1179361e-04
  -6.8080024e-04
  -1.7524941e-04
   8.0278638e-04
   1.1769301e-03
   1.2939853e-03
   5.4567042e-02
   2.3706498e-02
  -1.9276041e-02
  -5.2230422e-02
  -6.4515612e-02
  -5.7547584e-02
  -3.0797770e-02
  -5.5261168e-03
   7.7398172e-04
   1.2071532e-03
  -2.6250724e-05
  -1.1469480e-03
  -2.4095784e-03
   1.9530588e-02
  -5.9231886e-03
  -7.3920650e-03
  -3.9773769e-03
  -4.8504039e-03
  -5.9371442e-03
   5.2599154e-03
  -1.7431381e-05
   1.5736128e-02
   7.7398172e-04
   1.2071532e-03
  -2.6250724e-05
  -1.1469480e-03
  -2.4095784e-03
  -9.0623949e-04
  -1.1736937e-03
   6.1179361e-04
  -6.8080024e-04
  -1.7524941e-04
   8.0278638e-04
   1.1769301e-03
   1.2939853e-03
   4.3429104e-04
  -2.7795365e-04
  -1.2227729e-03
  -1.8881161e-03
  -2.1363032e-03
   4.9713632e-03
   6.2858800e-03
   1.5170493e-03
   9.2212515e-04
  -3.8692674e-04
   1.0556617e-02
  -2.1874528e-03
  -1.4345841e-03
  -2.1477820e-02
  -1.4044681e-03
  -6.1153869e-04
  -1.0244499e-03
   4.2367773e-04
   1.5728525e-03
   2.5488089e-03
   9.8489163e-02
   1.3028469e-01
   1.7118159e-01
   1.9424206e-01
   1.8768100e-01
   1.5529510e-01
   9.9517452e-02
   4.4911958e-02
   1.3341940e-04
   2.2842054e-04
  -1.9795903e-02
  -8.5739374e-04
  -6.1153869e-04
  -1.0244499e-03
   4.2367773e-04
   1.5728525e-03
   2.5488089e-03
   9.8489163e-02
   1.3028469e-01
   1.7118159e-01
   1.9424206e-01
   1.8768100e-01
   1.5529510e-01
   9.9517452e-02
   4.4911958e-02
   2.8569908e-04
   5.7779113e-04
  -6.2483299e-04
   5.1349564e-04
  -2.5957575e-04
  -1.2639177e-03
  -1.8690687e-03
  -2.1363032e-03
  -1.6718942e-04
  -1.6357326e-04
  -1.5924677e-04
  -1.5607033e-04
  -1.5675727e-04
  -1.4884576e-04
  -1.1568870e-04
  -1.0674159e-04
   2.8014649e-05
   5.3861653e-04
   6.5810489e-04
   1.1337531e-02
  -4.1751540e-04
   8.8620441e-04
   1.4428559e-03
   5.6448259e-03
   6.0425653e-03
  -1.3841350e-02
  -5.5997056e-04
   3.3621630e-04
   1.5278776e-03
   1.2939853e-03
   7.0131103e-04
   1.6583837e-03
   7.3504194e-04
  -1.8663578e-03
  -2.4177493e-03
   5.3387260e-02
   1.0991121e-03
  -2.1139558e-03
  -2.2905475e-02
  -5.3844481e-02
  -6.4584889e-02
  -5.6806229e-02
  -3.0225027e-02
  -5.5261168e-03
   5.3367012e-04
   1.6394243e-02
   1.1732476e-03
   8.1469402e-04
   2.8340625e-03
  -5.8828459e-03
  -4.2600898e-03
  -4.9343273e-03
  -8.3067121e-03
  -2.4198312e-03
  -2.1768337e-03
   8.3784743e-04
   1.3876417e-03
   1.5447522e-03
  -9.0623949e-04
  -1.1736937e-03
   6.1179361e-04
  -6.8080024e-04
  -1.7524941e-04
   8.0278638e-04
   1.1769301e-03
   1.2939853e-03
   1.3381462e-02
   3.7398356e-04
   1.9530588e-02
  -5.9231886e-03
  -7.3920650e-03
  -3.9773771e-03
  -4.8504039e-03
  -5.9371442e-03
   5.2599154e-03
   5.4567042e-02
   2.3706498e-02
  -1.9276041e-02
  -5.2230422e-02
  -6.4515612e-02
  -5.7547584e-02
  -3.0797770e-02
  -5.5261168e-03
   1.9186934e-01
   1.9042326e-01
   1.5973778e-01
   1.0280987e-01
   2.5718342e-03
   2.4252057e-03
  -3.4102319e-04
  -9.9360872e-04
  -1.7039598e-03
   1.1337531e-02
  -4.1751540e-04
   8.8620441e-04
   1.4428559e-03
   5.6448259e-03
   6.0425653e-03
  -1.3841350e-02
  -1.3035786e-03
  -1.5110987e-03
  -2.4721128e-02
  -5.1634042e-04
   2.5663093e-03
   2.2883885e-03
  -3.2427088e-04
  -1.7207565e-03
  -1.9432943e-03
   9.6538663e-02
   1.2356007e-01
   1.1337531e-02
  -4.1751540e-04
   8.8620441e-04
   1.4428559e-03
   5.6448259e-03
   6.0425653e-03
  -1.3841350e-02
  -4.5616241e-04
  -1.9371542e-02
   2.8569908e-04
   5.7779113e-04
  -6.2483299e-04
   5.1349564e-04
  -2.5957575e-04
  -1.2639177e-03
  -1.8690687e-03
  -1.8690687e-03
  -1.2639177e-03
  -2.5957575e-04
   5.1349564e-04
  -6.2483299e-04
   5.7779113e-04
   2.8569908e-04
   9.9517452e-02
   1.5529510e-01
   1.8768100e-01
   1.9424206e-01
   1.7118159e-01
   1.3028469e-01
   9.8489163e-02
   9.4047701e-04
  -1.1832981e-03
  -4.5719612e-04
  -2.9842403e-04
  -4.5719612e-04
  -2.9842403e-04
   9.4047701e-04
  -1.1832981e-03
   6.3911067e-03
  -7.6666969e-04
   1.4929183e-02
   4.1691005e-03
  -7.6666969e-04
   6.3911067e-03
   4.1689659e-03
   1.4929004e-02
   9.4047701e-04
   9.4047701e-04
  -2.9836766e-04
  -4.5723916e-04
  -1.1832981e-03
  -2.9836766e-04
  -4.5723916e-04
  -1.1832981e-03
  -1.2650649e-03
  -8.6833260e-04
  -2.7999438e-04
   1.1940651e-04
   2.4837277e-04
   6.3911067e-03
   1.4929183e-02
   4.1691005e-03
  -4.0025433e-04
  -2.2170290e-04
   1.7420841e-04
   8.1503987e-04
   9.2274554e-04
  -7.6666969e-04
   1.2884898e-03
  -1.7613451e-04
   1.1568367e-04
  -6.8646571e-04
   9.7423723e-05
   7.0240539e-04
  -8.0101668e-04
  -3.4044913e-05
   5.3587000e-05
   4.0413452e-03
  -6.7676450e-04
  -1.2148624e-03
  -1.0642485e-03
  -3.3279859e-03
   6.4054125e-04
   1.0144138e-03
  -1.2211601e-02
  -1.7966148e-02
  -1.5265485e-02
  -8.0901684e-03
   2.5896325e-03
   2.7465139e-03
  -1.7481116e-04
   3.6909766e-03
   6.7537956e-05
   2.1985062e-03
   8.4979383e-04
   2.0140265e-03
   6.6820102e-04
   6.7214130e-04
   1.3862974e-03
   4.7826751e-03
   1.3162014e-04
   1.6260622e-03
   2.6398359e-03
   4.9699042e-04
   8.2089187e-04
   2.1991157e-03
  -1.0479204e-03
  -8.2144595e-04
   1.3471157e-03
   1.6073681e-03
   5.3931628e-04
   5.5201285e-03
  -2.6037222e-03
  -1.6181001e-03
   1.1064185e-02
   1.7081736e-03
   7.6963801e-04
  -4.0070772e-03
  -7.9648295e-04
  -3.9570360e-05
  -1.1731790e-05
   1.0106119e-04
   1.4339323e-04
   1.2425946e-04
   1.2161418e-04
  -2.5878884e-03
  -1.1526517e-04
  -1.7783657e-03
   1.4332395e-03
   1.5366130e-06
  -1.2318059e-04
  -2.7478273e-04
   5.0842247e-04
  -1.6711094e-03
   6.2506284e-03
  -1.4830058e-03
  -2.6169246e-03
   7.1523125e-04
  -1.7201841e-03
  -1.1530605e-03
  -5.3457924e-04
   3.0862944e-04
   3.1637759e-04
   1.0459304e-02
   1.8117876e-05
   2.0159572e-04
   4.6161512e-04
   4.4089725e-04
  -6.6106454e-04
   6.7438589e-04
   2.6371297e-03
   6.4524963e-04
   7.0309323e-04
   1.0749265e-03
   1.0930295e-03
  -4.4022142e-04
   1.0227381e-04
   4.8654860e-04
  -5.6361166e-03
   9.8441437e-04
   7.6599063e-04
   5.3443199e-04
   5.5716731e-04
   7.2120031e-04
   4.7495511e-04
   5.8898442e-04
   3.4789654e-03
  -5.6401205e-04
   7.3716724e-05
   1.3965030e-03
  -5.5823351e-04
   1.0782314e-03
  -1.5141406e-04
  -1.4510170e-04
  -1.2163358e-04
  -8.7478908e-05
  -7.4503628e-05
  -9.8633814e-05
  -1.0515810e-04
   2.3977306e-04
  -4.7552947e-04
  -3.9002203e-04
  -1.7651935e-04
  -2.3602084e-04
  -1.0546868e-03
  -7.3414478e-05
  -2.9400677e-05
  -1.5356303e-04
  -1.6420911e-04
  -1.6387147e-04
   8.5083409e-04
  -3.6385757e-03
  -4.3398853e-05
  -2.7621101e-04
  -4.6275694e-04
  -1.4354984e-04
  -3.6253177e-04
  -2.1388435e-04
  -5.0646048e-04
  -2.0824903e-03
  -5.0453055e-04
  -9.5732989e-04
  -1.5933937e-04
  -7.8643722e-04
  -1.4064832e-04
  -1.4093227e-04
  -5.4470538e-04
  -6.8713199e-04
  -5.5613088e-04
  -4.2546349e-04
  -4.8066458e-04
  -1.2997746e-04
  -2.0698335e-04
  -1.6798910e-04
  -2.1195789e-04
  -2.0799868e-04
  -2.8331452e-04
  -4.4110884e-04
  -6.7927414e-04
  -3.7648899e-04
  -3.1493877e-04
  -1.7866565e-04
  -7.8787756e-04
  -8.1352060e-04
  -2.0897648e-04
  -7.8975539e-04
  -2.4182095e-04
  -1.1031865e-03
  -4.9880090e-04
  -5.7785501e-04
  -3.5485994e-04
  -5.2592156e-04
  -3.0712551e-04
  -1.7507107e-03
  -5.1051981e-03
  -2.8111739e-03
  -3.2369422e-03
   3.2774201e-03
  -8.3220351e-03
  -1.5910133e-03
   1.2200971e-03
  -1.0871530e-03
   3.5193772e-02
   2.2955552e-02
   2.2792917e-02
   2.6295870e-03
   1.9518822e-03
  -5.0173627e-03
  -1.8540392e-03
   1.8297427e-03
  -4.2564329e-03
  -1.6595309e-04
   2.2758488e-02
   1.3126786e-03
  -7.9520040e-04
  -2.6640130e-03
  -1.1924874e-03
  -2.7668221e-04
   1.0572597e-04
  -4.3669003e-03
  -2.3173601e-03
   7.7531969e-04
   5.6316901e-03
  -1.2496857e-02
  -7.8875360e-03
  -6.8548401e-03
   2.9824145e-04
  -6.1621311e-04
  -7.9162468e-03
  -5.9846772e-03
  -3.8076950e-03
  -2.3067783e-03
  -5.0290399e-03
  -2.8881569e-03
  -7.1292389e-04
   1.4807587e-03
  -5.6645451e-03
  -1.0355161e-04
  -4.2879328e-04
   3.8229750e-04
   2.1367614e-03
   4.7658034e-03
  -3.5871708e-03
  -1.7524923e-02
   2.1137147e-02
  -1.4597143e-03
   3.5367247e-03
  -9.4723268e-03
  -2.5408291e-03
  -4.1991877e-03
  -2.0698529e-03
  -1.5109314e-03
  -2.2013419e-03
   4.3604293e-04
   1.3514596e-02
   1.6628652e-02
   1.8509504e-02
   5.2794940e-02
   3.7361503e-02
   1.7733339e-02
   1.6668875e-02
   6.5126938e-03
   1.1123892e-02
   1.2813462e-02
   1.9483169e-02
   9.2965338e-03
  -1.2457946e-02
  -5.6523316e-03
  -5.6911716e-03
   2.3467717e-02
   1.8219574e-02
   1.3584096e-02
   6.6291484e-02
   7.7877257e-03
   8.2478436e-03
   1.2415969e-02
   1.3420974e-02
  -8.0870342e-03
  -6.2754787e-03
  -2.0443975e-02
  -2.8363961e-03
  -1.9791397e-03
  -2.4379653e-03
  -2.8407630e-03
  -8.1357646e-03
  -1.0051801e-03
  -2.5167886e-03
  -3.7957204e-03
  -2.4610379e-02
  -1.6531344e-03
  -3.8947865e-03
  -6.7326094e-03
  -6.6565810e-03
  -6.9138160e-03
  -1.5871248e-03
  -7.9501901e-03
  -1.7769428e-02
  -6.3820440e-03
  -4.5385301e-03
  -1.1662214e-02
  -2.9894003e-03
  -5.3984865e-03
  -2.2757024e-03
  -1.2045646e-02
  -2.2989122e-03
  -8.0402997e-03
  -2.9731939e-03
  -6.3852972e-03
  -3.2387519e-03
  -5.4002677e-03
  -2.5491551e-03
  -3.9731513e-03
  -7.1500444e-03
  -3.6100379e-03
  -1.1895397e-02
  -2.8225614e-03
  -1.3741084e-02
  -2.3530631e-03
  -8.7271186e-03
  -4.8176122e-03
  -2.7957908e-03
  -5.8091858e-03
  -2.8673941e-03
  -3.5727463e-03
  -4.5001091e-03
  -3.9708633e-03
  -8.3021865e-03
   2.1956332e-04
  -6.1276673e-04
   1.3259315e-02
   9.4318901e-03
   1.4307956e-02
  -3.1643598e-02
  -6.1062939e-02
   1.6481841e-03
   6.2540575e-04
   2.2334259e-03
   8.3141314e-03
   9.8669652e-03
  -3.4358691e-03
   3.9116204e-04
  -2.3594298e-04
   1.0752099e-02
   1.0249578e-02
  -2.7726905e-02
  -6.0933163e-02
   9.7392283e-04
   4.3515877e-03
   2.5564979e-03
   9.4974000e-03
  -2.2469340e-04
  -3.8035414e-03
   2.3415131e-04
   1.9713769e-02
   8.4384997e-04
   1.7183288e-02
   4.8069302e-03
   3.6566510e-04
   2.4313968e-03
   2.0784716e-04
   9.5258291e-03
   2.7111676e-03
   8.8715925e-03
   4.8205533e-03
   1.8823402e-03
   7.0390698e-03
   4.8398327e-03
   1.3954046e-02
   3.3037524e-03
   2.9639775e-03
   5.2666354e-03
  -7.9370438e-04
   2.5550668e-04
  -2.7199800e-04
   1.0734094e-05
  -8.2521673e-04
  -1.2456931e-03
  -2.6176187e-03
  -5.2524795e-03
   3.9047780e-03
  -1.6544900e-04
  -5.0544142e-04
   4.7873433e-05
  -2.7470195e-03
  -4.3361260e-03
   5.7849217e-03
  -1.1951205e-03
  -3.9294770e-04
   1.9718272e-02
   2.0580531e-02
   2.3144365e-02
   2.1851683e-02
  -2.9874376e-03
   2.6048235e-03
  -1.2830173e-03
   1.8320524e-02
   2.2045274e-02
  -3.3746762e-03
   2.6245150e-03
   2.2658359e-03
   7.2661788e-04
  -6.9707351e-04
   2.9660228e-03
  -5.2691061e-03
  -3.9368654e-03
  -7.2753633e-03
  -2.6644339e-03
  -5.6132158e-03
  -7.3440601e-03
  -2.6312474e-03
  -5.0808082e-03
  -2.1912419e-03
  -4.2121128e-03
  -4.0188832e-03
  -4.6658642e-03
  -3.1340579e-03
  -3.7364220e-03
  -6.7362482e-03
   8.1391297e-03
   4.3001257e-04
  -2.5761017e-04
   3.8024919e-03
   6.8554323e-04
   2.0706979e-03
   9.0835321e-04
   5.0928480e-04
  -4.3421753e-03
  -9.0905558e-03
  -3.4252521e-04
  -3.5101139e-04
  -3.0371573e-04
  -2.0462201e-04
  -2.3816001e-04
  -1.5553498e-04
  -2.4380782e-04
  -5.6974737e-05
   1.5972529e-04
   3.1941085e-04
  -4.0742372e-04
  -1.0529423e-03
   1.6652776e-03
   1.1365305e-03
   2.6441278e-03
  -1.9443609e-03
  -1.7546207e-03
  -1.8190597e-04
  -1.5888269e-04
  -1.4880517e-04
  -1.4008611e-04
  -1.1842386e-04
  -7.0324793e-05
   1.4569208e-05
  -1.6623234e-05
   1.9076679e-03
  -1.5338173e-04
   4.8315709e-05
   2.5596726e-04
   2.7149137e-04
  -9.9954553e-04
   4.2336323e-04
  -2.0652594e-04
  -1.8688742e-04
  -1.9439494e-04
  -1.1003024e-04
   2.8963237e-04
   1.1984507e-04
  -3.4394224e-04
   4.7487057e-04
   3.0477664e-04
  -2.3362719e-04
   2.4422335e-03
  -2.2637519e-03
   7.6238414e-04
  -1.5791493e-04
  -1.3260000e-04
  -9.2227576e-05
  -5.6293487e-05
   5.0399060e-06
   1.4826292e-04
   1.9645629e-03
   2.0500703e-03
  -3.5717770e-06
  -1.2754568e-04
   1.9364312e-04
  -1.1939048e-04
   3.2993816e-03
  -1.8166646e-04
   1.0922882e-04
  -6.6810630e-05
   5.1754676e-06
   9.6542158e-05
   1.2609863e-04
   4.1602380e-04
   4.8091659e-05
   9.8558119e-04
   5.7074439e-04
   3.9794791e-04
  -4.2487598e-05
   2.3163330e-03
   6.4966576e-06
   1.3646410e-04
   3.7943149e-04
   1.4670837e-03
   7.4543158e-04
  -2.2693808e-05
  -4.4360429e-04
  -7.7199592e-04
  -4.4901235e-04
  -4.0181702e-04
  -5.7541850e-04
   1.9408043e-03
   1.5263826e-03
  -4.7486029e-03
  -1.3372844e-03
   2.1636459e-03
  -4.8135888e-04
  -2.6207492e-04
   2.2814424e-04
   9.3612589e-04
  -5.4439955e-04
  -6.1839010e-04
  -2.4079287e-04
  -5.4106853e-04
  -5.8810948e-04
  -8.3661672e-04
  -8.6856044e-04
  -9.9969434e-04
  -1.8081477e-04
  -6.6841637e-04
  -2.1611409e-03
  -4.5015492e-04
  -1.0002994e-03
  -1.4143417e-03
   1.4404316e-04
  -1.6129592e-03
   9.5481584e-04
  -5.4462665e-04
  -1.2623868e-03
   3.6211946e-04
  -7.2021295e-04
  -1.6398116e-03
  -1.0054582e-03
  -3.8727703e-03
  -4.2374159e-03
  -4.7492584e-03
  -3.8137588e-03
   1.7897763e-03
   1.1306250e-02
   1.6344680e-02
   1.4219750e-02
   6.5014104e-03
   4.0786497e-03
   1.7690984e-03
   1.8634790e-03
  -3.4059776e-03
  -2.9389096e-03
  -2.1964707e-03
  -2.3555546e-03
   9.8967573e-03
   1.2024526e-02
   1.0132230e-02
   8.2869309e-03
   9.5193007e-03
   1.1328850e-02
   1.1431919e-02
  -3.1154812e-03
  -1.8175118e-03
  -2.1743913e-03
  -1.0193141e-03
   1.3749382e-03
   4.6642979e-03
   7.5212301e-03
   7.7535747e-03
   3.3162172e-04
   5.2719974e-03
   3.3037486e-04
  -2.7247493e-03
  -2.4617524e-03
  -2.5064883e-03
   5.9082314e-05
  -4.4581364e-04
   2.7828112e-03
  -1.0815161e-03
   7.7604015e-04
   2.8638060e-03
   4.7656601e-03
   5.0946326e-03
  -4.2179239e-04
  -1.4290359e-03
  -1.9360273e-03
   7.6345441e-04
   2.2528886e-03
  -1.7612779e-03
  -8.3646395e-04
  -5.4028251e-03
  -3.6718178e-03
  -4.8343774e-03
  -1.9730065e-03
  -3.6863403e-03
  -4.2053641e-03
  -4.8623479e-03
  -4.8564724e-03
   1.8527763e-02
  -6.1392348e-03
  -2.0596247e-02
  -1.6778833e-02
  -1.1783742e-02
   4.5431337e-03
   1.7977995e-02
  -3.7734260e-03
  -6.3736792e-03
  -5.9802894e-03
  -8.7333866e-03
  -1.3163406e-02
  -2.2302687e-02
   9.3021438e-03
  -3.5669311e-03
  -5.4374342e-03
  -6.1549581e-03
   1.1355765e-03
  -1.1649394e-02
  -1.2876337e-02
  -6.6581612e-03
  -5.9158068e-03
  -6.3732843e-03
  -1.0215159e-02
  -6.4775165e-03
  -8.1295308e-03
  -6.2993272e-03
  -6.8732700e-03
  -9.0033498e-03
  -7.2591622e-03
  -6.3263330e-03
  -7.3552580e-03
  -9.5407268e-03
  -7.6211819e-03
  -2.7467428e-03
   2.5715775e-02
   2.5383400e-03
  -8.3530985e-04
   9.2252633e-04
  -3.6042959e-03
   1.1230167e-03
  -1.1539456e-04
   2.7517733e-04
   4.9401536e-03
  -1.6199033e-02
  -5.0468344e-03
  -5.9474396e-03
  -4.9923519e-03
  -1.9019538e-03
  -4.0816402e-03
   3.7965177e-02
   2.2345489e-02
   2.1393755e-02
   1.6955359e-03
  -4.1846116e-04
  -4.7057736e-03
   4.3116140e-03
   2.5741587e-03
  -2.4742321e-03
   1.9323429e-02
   2.7647506e-02
   4.1935288e-03
  -6.1003207e-03
  -1.3825950e-02
   7.9944759e-03
  -1.7473128e-03
   2.1077205e-03
  -6.4236957e-03
  -1.6535582e-03
  -2.8676623e-03
  -5.1387299e-03
   1.0793223e-03
  -7.8167052e-04
  -5.6597331e-03
  -7.2496449e-03
  -8.0126424e-03
   1.5684224e-03
  -2.5096456e-03
  -6.0281271e-03
  -1.4424526e-03
  -3.1989800e-03
  -2.4334725e-03
  -2.3505260e-03
  -2.2600196e-03
   2.9917928e-03
  -5.2701402e-03
  -4.7093157e-03
   1.0876462e-04
  -2.2379776e-03
  -5.8609840e-03
  -6.5841875e-03
  -2.9794087e-05
  -1.7553176e-03
  -4.0040731e-04
  -4.4220575e-03
   1.9634656e-03
  -3.0791109e-03
  -1.4684909e-03
  -3.6296998e-03
  -2.9713544e-03
  -2.4360142e-03
  -2.3988612e-03
   3.5401847e-03
  -1.1871784e-03
   1.6460583e-02
   1.0590024e-02
   1.0380525e-02
   9.3985014e-03
   9.9474314e-03
   1.0468001e-02
   9.3625307e-03
   1.1074022e-02
   6.2851823e-02
   6.3424703e-02
   1.9664391e-02
   1.3757712e-02
   9.0914140e-03
   4.4087373e-03
  -1.8267870e-02
  -4.9095044e-02
  -1.2577461e-02
   3.0707987e-03
   1.9637036e-04
   2.3587081e-03
   4.6240197e-03
   1.0377615e-02
   2.0516316e-03
  -1.1907310e-02
  -8.7011473e-03
  -5.9126297e-03
  -6.1843896e-03
  -2.1317463e-03
   1.1236406e-02
   1.1210484e-02
   9.5332460e-03
   1.0151934e-02
   1.0417566e-02
   9.8055224e-03
   9.3079874e-03
   1.5762961e-02
   3.4984276e-02
   6.8181019e-02
   1.6853241e-02
   1.0816012e-02
   6.8756795e-03
   2.1491218e-03
  -5.8888277e-02
   3.4637847e-04
  -1.6262119e-03
  -2.8405264e-03
  -3.3698605e-04
  -4.0148631e-03
  -5.4550952e-03
  -6.5783496e-03
  -1.2717783e-03
  -2.1232947e-03
   2.4494154e-04
  -4.6653733e-03
  -1.8734316e-02
  -6.4765518e-03
   1.8727677e-02
  -2.6377078e-02
  -1.9892370e-02
  -5.2712827e-03
  -7.4325557e-03
  -4.1950028e-03
   6.9839252e-03
   1.7988569e-02
  -5.8107509e-03
   4.8144935e-04
   2.4027731e-03
   4.9866735e-03
   7.5861830e-03
  -3.4821818e-03
  -1.2118657e-02
  -8.2440630e-03
  -7.6755624e-03
  -1.2329369e-03
  -5.5708110e-03
  -6.1875059e-03
  -6.4755719e-03
  -3.4222270e-03
  -2.7362275e-03
  -7.0441620e-03
  -6.2632344e-03
   1.1968239e-02
  -1.7995848e-03
   7.2104703e-04
  -1.4088988e-02
  -1.4220577e-02
   2.5619038e-03
  -5.2922616e-03
   3.5421536e-03
   1.2612211e-03
  -9.5217354e-03
  -9.3100539e-04
   9.1245340e-03
  -1.7175819e-03
  -3.1717618e-03
  -2.7775022e-03
  -3.6677201e-03
  -2.3954377e-03
  -4.4894154e-03
  -5.4996562e-03
  -9.8156935e-03
  -2.7845068e-05
  -3.0230039e-03
   6.1205248e-03
  -2.9510090e-03
  -2.5113819e-03
  -2.7680632e-03
   3.7321759e-03
   1.5790480e-04
  -6.4141219e-03
   2.0655634e-03
  -2.5209597e-03
   2.0238400e-03
  -8.6844245e-03
  -3.0138193e-03
   4.7038623e-03
  -2.5929591e-03
  -4.3445794e-03
  -3.4228533e-03
  -1.9173709e-03
  -2.1994160e-03
  -1.2869159e-03
  -1.2138357e-03
  -9.9373021e-04
   2.6408178e-04
   2.9124179e-04
   4.1900583e-05
  -1.7921162e-04
  -4.1294752e-04
  -4.4228194e-04
   3.5229304e-04
  -6.8558128e-03
  -1.4689151e-03
   1.4485863e-04
   1.3858769e-04
  -1.7873346e-04
  -5.2058769e-05
  -7.3089503e-05
  -1.1857660e-04
  -1.4689250e-04
  -1.5667130e-04
  -1.5215967e-04
  -1.6403995e-04
  -3.5251894e-04
  -8.6912409e-04
  -2.4313663e-04
  -1.3624980e-03
   3.0151957e-03
   1.6294413e-03
  -1.8335075e-03
  -3.6230093e-03
   2.5580375e-03
   1.2126896e-03
  -8.8870567e-04
  -4.8869633e-03
  -3.5026556e-04
   3.2057970e-04
   1.7328345e-04
  -7.1835258e-05
  -2.9204515e-04
  -4.9696896e-04
  -2.0553549e-04
   9.8177816e-04
  -2.3164855e-03
  -2.3352827e-04
   4.1155295e-03
   9.0000892e-05
   5.8286017e-04
  -5.9919607e-04
  -2.3431735e-04
  -1.2871334e-04
  -4.9245921e-04
  -3.5599159e-04
  -2.3385499e-03
  -4.1091459e-04
   4.5230656e-04
  -4.8552481e-04
   9.6831759e-04
  -3.6412023e-04
   1.3902435e-04
   8.2885558e-05
  -6.6760342e-05
  -1.1090124e-04
  -1.3974613e-04
  -1.7018912e-04
  -2.0134202e-04
  -2.4109018e-04
  -2.2479128e-04
  -5.7285252e-04
  -9.1805157e-04
  -1.0989936e-03
   1.1979751e-04
   2.5271049e-04
   1.5551850e-03
   1.4891006e-03
   3.5574391e-04
   1.1535695e-03
  -7.1395842e-04
  -2.4930239e-05
  -6.3266488e-04
  -2.2270013e-03
   3.9829894e-04
  -6.2703251e-05
   3.3530309e-04
   4.0908597e-05
  -5.4519018e-04
   6.2689921e-04
  -1.2216207e-05
   3.7678480e-04
   5.2458248e-05
  -3.1565719e-05
  -9.1674405e-05
  -1.3805694e-04
  -1.9993006e-04
  -2.0983994e-04
  -3.1425668e-04
  -5.7369498e-04
  -6.8609064e-04
  -2.1627805e-03
   5.2434503e-03
  -4.3915770e-04
  -9.7028247e-04
   6.9823139e-04
   1.5655622e-04
  -2.6254181e-04
  -6.8790916e-04
  -4.1610436e-04
  -1.4558121e-03
   3.4276764e-04
  -1.6427211e-04
   6.4588340e-04
   5.7817241e-04
  -5.5065161e-04
  -1.0378375e-04
  -1.1458983e-03
   2.4895557e-04
   1.0204692e-04
  -1.8860066e-05
  -2.0956380e-04
  -3.5321429e-04
  -9.0137038e-04
   4.1971994e-04
   5.6285158e-05
  -2.8858596e-03
  -3.1603151e-04
  -3.6917091e-05
  -1.6687723e-04
  -1.8903857e-04
   6.5349471e-02
   5.0302613e-02
   1.9541975e-02
   1.3752834e-02
   9.5122185e-03
   5.0911543e-03
  -1.7004762e-02
  -5.4406035e-02
   1.4841040e-02
   9.9587560e-03
   9.7139909e-03
   1.2267945e-02
   1.1317643e-02
   1.0688686e-02
   9.1552948e-03
   9.4387025e-03
   5.4431326e-03
   2.5654832e-03
  -1.2111199e-02
  -8.7897669e-03
  -5.7280531e-03
  -6.0968701e-03
   2.5565152e-03
   3.1389229e-04
   1.9438517e-03
   4.7493689e-03
   1.0375184e-02
   6.4024814e-04
   5.9175722e-02
   3.2599960e-02
   1.6820994e-02
   1.1131019e-02
   7.7074486e-03
   1.6922483e-03
  -4.4809705e-02
  -4.8808807e-02
   9.6631771e-03
   1.0757876e-02
   1.0898679e-02
   1.2233660e-02
   1.1003768e-02
   9.8909008e-03
   8.7037996e-03
  -6.4466692e-03
  -2.5123478e-02
  -2.7161315e-03
  -1.6630251e-03
  -4.1386793e-03
  -3.3982391e-03
  -7.4936001e-03
  -5.6205251e-03
   8.9198876e-03
  -6.6092889e-03
  -2.5225237e-03
  -3.8218075e-03
  -1.8942654e-02
   1.5893909e-04
   3.4727501e-04
   3.4720302e-04
  -6.1826399e-03
  -3.9523168e-03
  -5.4347796e-03
  -4.6295706e-03
  -6.5968607e-03
  -6.1332308e-03
  -1.9926717e-03
   1.6841706e-02
  -1.8088653e-02
  -1.3730449e-02
  -8.0534791e-03
  -7.0868496e-03
  -1.2885590e-03
   2.4683446e-03
   4.8007671e-03
   9.2879569e-03
  -1.2441015e-03
   1.9412112e-02
  -4.6838853e-04
  -3.3325264e-03
  -2.8784544e-03
  -2.6144224e-03
  -2.3170525e-03
  -7.2820325e-03
  -2.5012763e-03
   2.2002004e-03
  -2.5090359e-03
  -1.0249753e-04
  -3.6656015e-03
   2.5617051e-03
   1.1595435e-03
  -1.1902045e-02
   8.1664152e-03
  -1.2597710e-03
   5.5199635e-03
  -5.2823549e-03
  -2.9639962e-03
  -9.4587139e-03
  -4.4744350e-03
  -1.4721727e-03
  -3.3295715e-03
  -6.2172607e-03
  -1.3057788e-02
  -8.7438229e-03
  -3.1188584e-03
   3.2999306e-03
  -3.3606734e-03
  -5.3487016e-03
  -2.5404663e-03
   4.1662873e-03
  -4.2231252e-03
  -2.1451736e-03
  -1.7520908e-03
  -8.4609821e-03
  -3.3676894e-03
  -2.9522035e-03
  -6.5929924e-04
  -2.1265239e-03
   1.6270683e-03
  -2.2122216e-04
  -1.4588321e-03
  -6.4082921e-03
  -9.5428943e-03
  -9.4678151e-04
   1.9923529e-04
   2.9302010e-04
   4.2218981e-05
  -1.8187759e-04
  -4.1092307e-04
  -4.4471385e-04
   4.6410752e-04
   8.4239962e-04
  -1.0865821e-03
  -2.3656043e-03
  -3.7554920e-04
  -2.1694838e-04
  -1.6548088e-04
  -1.4711339e-04
  -1.4776872e-04
   1.7237389e-05
   1.4400196e-03
   7.5354315e-04
   1.0598774e-03
  -2.3755825e-03
   4.0432311e-04
  -1.0136706e-02
  -1.0536286e-03
  -1.0189332e-03
   1.7633734e-03
  -3.0434437e-04
   3.1631403e-04
   1.7305369e-04
  -7.4198115e-05
  -2.9358510e-04
  -4.9342374e-04
  -2.4454580e-04
   5.8408651e-04
  -6.3375435e-04
  -1.6016265e-04
  -1.5718794e-04
  -1.3855238e-04
  -1.5070323e-04
   5.1560985e-04
  -3.9209291e-03
   1.1343916e-04
  -1.1500294e-04
   4.8399683e-04
   1.6770423e-04
  -2.8666644e-05
   4.5448703e-04
  -2.4023730e-04
   3.4584925e-04
   9.2641204e-05
  -1.7580073e-04
  -3.6489463e-04
   2.5747965e-04
   1.3404845e-04
  -1.8125988e-03
  -1.7480219e-04
  -1.1641201e-04
  -2.1717951e-04
  -1.5043900e-04
  -6.7799608e-05
  -1.3385877e-04
  -1.3992835e-04
   4.4855542e-04
  -1.3446469e-04
   1.5137042e-03
   1.5884427e-03
  -2.8804484e-03
  -1.6949574e-03
  -1.5031107e-04
  -2.7948958e-04
   2.5392662e-04
  -3.6491953e-04
  -5.0437651e-04
  -8.7079920e-04
  -1.8745044e-04
  -6.2785892e-04
   9.5385756e-04
  -1.6709913e-04
  -5.3414651e-04
  -6.0666969e-04
   6.7412539e-05
  -2.6409001e-04
   1.9307699e-04
  -1.5602129e-04
   8.8763068e-04
   1.2959800e-03
  -4.3595189e-03
   9.7282940e-05
   7.6716001e-04
   5.2313207e-04
  -2.9586255e-04
  -2.3407871e-04
   3.8759721e-05
   5.5767013e-04
  -9.9674437e-04
  -7.3068661e-04
  -3.5422305e-04
  -2.1919113e-05
  -9.9027936e-05
   1.3610449e-05
  -1.6599737e-04
  -4.0312471e-04
   9.4103178e-05
  -1.3283559e-03
  -6.8147892e-05
  -2.9528093e-03
   2.6668736e-04
  -2.6543288e-04
   4.3130294e-04
  -9.3594810e-04
   6.5325821e-04
  -7.3586178e-04
  -2.7747649e-05
  -8.5956064e-04
   6.9392039e-04
  -1.0830556e-04
  -1.9763886e-04
   2.5802118e-04
  -2.7134369e-04
  -4.5852226e-04
   2.6834051e-05
   1.9477613e-04
   5.3810229e-05
  -5.3949708e-04
  -2.9553554e-04
   1.9113969e-04
   4.0416272e-04
  -2.4808396e-04
  -2.9782264e-04
   3.7598971e-04
  -3.5600468e-04
  -6.9033066e-04
   1.0051652e-03
  -1.0679496e-03
   7.0286310e-04
   1.1010345e-03
  -1.2438121e-03
  -1.6125052e-03
  -7.9884123e-04
   6.3776551e-05
  -1.2055119e-04
  -8.2305272e-04
   1.7673321e-04
   2.9489700e-04
  -2.5485371e-04
  -2.7323588e-04
  -2.6765936e-04
  -6.9644667e-04
  -2.9737852e-04
   3.7618492e-04
   7.1170560e-05
   3.7647716e-04
   3.8531652e-04
  -1.2181250e-04
  -8.2591998e-04
  -1.6753930e-04
   6.5145746e-03
  -1.1176828e-04
  -5.5492549e-03
  -8.8712380e-03
  -1.0862097e-02
  -7.3611312e-03
   1.8043330e-02
   5.1999990e-03
  -4.5847314e-03
  -1.9331547e-03
  -2.9845774e-03
  -4.8227749e-03
   1.5104075e-03
  -2.0937027e-03
  -1.5036539e-03
   3.1616086e-03
   9.3707655e-04
   1.8444101e-03
  -7.8797150e-03
  -1.0899581e-03
   3.5861266e-03
   2.2167543e-03
  -2.5229065e-03
  -4.2763850e-03
   1.6249486e-03
  -7.6023242e-04
   5.7866419e-03
  -8.2304220e-04
  -1.1038365e-03
   6.2873095e-04
   2.0576314e-03
   2.6526082e-03
   2.8022707e-03
   1.0746545e-02
   2.0404404e-03
  -5.3267011e-03
  -1.5583603e-03
  -2.4503443e-03
  -1.6653432e-03
   3.1160346e-03
  -1.3773139e-03
  -1.4392326e-03
   9.7389898e-04
  -3.0256905e-03
   1.0868370e-03
   3.7814233e-03
   3.0882147e-03
  -1.9998873e-04
   2.5564693e-03
   7.5112917e-04
   4.1288188e-03
   2.4279373e-03
   1.3943414e-04
  -2.6286265e-04
   1.7748874e-03
  -1.8161256e-03
   1.6095742e-03
  -1.3245888e-03
   6.7283883e-03
   2.1015477e-03
   2.4164571e-04
   2.8205528e-03
   6.2489948e-03
  -5.4420996e-03
   5.1254085e-03
  -5.5849221e-03
  -6.6002610e-03
   4.8497327e-03
   1.4438268e-05
  -4.4099833e-03
   7.7864628e-03
   2.6730616e-02
  -5.3410268e-05
  -6.0633875e-03
   2.6677437e-03
   6.0981493e-03
  -2.5306412e-03
   1.5922213e-03
  -7.7446031e-04
   6.3413971e-03
  -2.5153594e-03
   2.4624115e-03
   1.8526036e-03
   9.8061749e-04
   2.5913048e-04
  -3.8203910e-04
  -6.4239441e-03
  -8.9182616e-03
  -4.6285190e-03
  -2.5296481e-03
  -4.5033065e-03
   2.4045393e-03
  -1.1924397e-03
   1.2728556e-03
  -3.7468958e-03
   2.2205737e-03
   8.4914207e-03
   5.8556637e-04
  -3.1669045e-03
  -1.3321068e-02
  -3.4728899e-04
   8.6796699e-04
   1.1093719e-04
   1.1449695e-03
   1.6347898e-03
   3.6557474e-03
  -9.0707619e-04
  -1.2079400e-03
  -2.3141673e-03
   5.9345168e-03
  -3.4210360e-03
  -4.4058839e-04
  -8.5840529e-04
   3.3859580e-03
  -1.9695348e-03
  -3.0068850e-03
  -3.1672070e-04
   1.2753702e-03
   1.9961258e-04
   2.0145742e-03
  -2.9037608e-05
   3.1075594e-04
   9.8384039e-03
   5.7748418e-04
  -1.3164194e-03
  -4.6263000e-03
  -1.3801239e-04
  -1.9413120e-03
   2.5658903e-03
   2.0827321e-02
   1.7536382e-02
   1.9389067e-02
   2.5494041e-02
   3.0212938e-02
   2.2641391e-02
  -2.4722082e-03
  -4.7315608e-03
  -7.7213118e-04
  -3.1817028e-03
  -6.6184414e-04
   1.6376453e-03
  -4.5847573e-03
  -1.5973451e-02
  -6.4292837e-03
  -2.0602046e-03
   4.5301678e-03
  -2.7775736e-03
   2.2286302e-03
   2.5193117e-04
  -1.3173419e-04
  -1.3637760e-04
   4.7865708e-03
  -1.2058356e-03
  -2.4327485e-03
   3.1424591e-03
  -4.7802934e-03
  -7.1549360e-03
  -6.7469774e-03
  -5.2873459e-03
  -3.8845481e-03
   3.3227188e-04
  -4.4934645e-04
  -2.9123029e-04
  -1.3656118e-03
   2.0621649e-03
  -2.6675889e-03
   8.7258407e-04
  -4.1843750e-03
   2.7009277e-03
  -6.2300447e-03
  -1.0997305e-03
   3.1745515e-03
  -5.0053798e-03
   3.1127858e-04
  -4.8590466e-03
  -2.1015862e-03
  -3.4113812e-03
  -8.3810929e-04
   2.2631047e-03
  -3.0461921e-03
  -3.0332313e-03
  -2.8694596e-03
   2.2630585e-03
  -1.3581089e-03
  -6.0676663e-03
  -4.6499447e-03
  -2.4420137e-03
  -1.0709299e-03
  -2.1719362e-03
   9.9315921e-03
  -3.3369264e-03
  -3.6824367e-03
   7.7488071e-04
  -2.8282161e-03
  -7.4725836e-03
   5.0612725e-04
   6.5896623e-03
  -3.7585297e-03
   4.3650736e-03
  -2.7787275e-03
   2.5813714e-03
   1.6694965e-03
   1.4231758e-03
   1.8828932e-02
   3.4751735e-03
  -4.5675055e-03
  -3.6526335e-03
  -4.4424013e-03
   5.5341428e-03
  -4.7165439e-03
  -8.4065332e-03
   7.6492492e-04
  -2.0930898e-03
   2.8176967e-03
   5.1164045e-03
  -3.1595588e-04
  -4.7715176e-03
  -2.3884042e-04
  -7.8849095e-03
  -8.5462482e-03
   1.4196358e-03
   4.4491197e-03
   1.3431487e-03
   2.9691465e-03
   1.1776741e-02
   1.8437871e-03
   1.1526938e-03
  -5.5986987e-04
   2.2761970e-03
   1.3045400e-03
  -3.7664424e-03
   2.4996373e-03
   1.7116994e-03
   1.3377717e-03
   8.1648851e-04
  -3.5060268e-03
  -9.2126671e-04
  -1.7091173e-03
   1.5517884e-03
   3.0503104e-03
  -5.4272209e-03
  -2.5970058e-04
  -9.0411083e-04
   1.1839798e-03
  -1.0879255e-03
  -3.6729724e-03
  -1.1912030e-03
   1.4111315e-03
   1.0810207e-03
   2.1133378e-03
   1.5476878e-03
   2.1774260e-03
  -7.9503742e-04
  -2.5102576e-03
  -4.8727151e-04
   8.4316033e-04
   1.2196295e-04
   7.4059057e-04
  -7.3117778e-04
  -7.6351626e-04
  -9.4316673e-04
   1.1259704e-03
   8.3571360e-05
  -1.1171422e-03
   1.4824429e-03
   1.0799134e-03
   1.0514824e-03
  -2.3060668e-03
  -2.9662561e-03
  -2.8530441e-03
  -6.7956572e-04
  -1.6230378e-03
   6.6249669e-04
   3.5929165e-03
  -1.5158815e-03
   5.4667609e-02
   7.4535136e-02
   1.5245410e-03
   2.3784032e-02
   9.9487965e-04
