  -2.2111688e+04
  -2.3311690e+04
  -2.7268795e+04
  -9.9261831e+03
  -4.0112979e+04
  -1.3416790e+04
  -1.1348887e+04
  -1.4837063e+04
  -1.7631770e+04
  -2.1198707e+04
  -2.5962878e+04
  -3.2350174e+04
  -4.6111394e+04
  -3.2026353e+04
  -2.4136201e+04
  -1.9462360e+04
  -1.6982385e+04
  -1.5399838e+04
  -1.4276286e+04
  -1.2509056e+04
  -1.4452155e+04
  -1.4679336e+04
  -1.4594753e+04
  -1.4323630e+04
  -1.3875615e+04
  -1.3105536e+04
  -6.6048909e+04
  -7.5295551e+04
  -6.2032612e+04
  -1.0935679e+04
  -1.1291586e+04
   1.0471854e+03
  -9.4026533e+03
   1.0290327e+03
  -5.8469117e+02
  -3.2560304e+03
  -5.7177026e+03
  -7.6706698e+03
  -9.0764212e+03
  -9.8446228e+03
  -1.2752710e+04
  -1.3253346e+04
  -1.3414542e+04
  -1.3413317e+04
  -1.3289166e+04
  -1.3014604e+04
  -1.2427075e+04
   1.0958082e+04
  -2.2597285e+04
  -1.6713241e+04
  -1.3816552e+04
  -1.1099065e+04
  -7.6997879e+03
  -2.8148950e+03
   5.1824701e+03
   1.9427259e+04
   3.7636087e+04
   4.0986227e+04
   3.3285782e+04
   2.0864067e+04
  -1.9655452e+04
  -1.7174053e+04
  -1.3740324e+04
  -1.3027296e+04
  -1.3023354e+04
  -1.3260350e+04
  -1.3646308e+04
  -1.4233085e+04
  -1.5494650e+04
   1.1165397e+04
   2.2966805e+04
  -1.1479787e+04
  -1.0137358e+04
  -1.0685807e+04
  -1.1893836e+04
  -9.0139480e+03
   6.3898403e+04
   3.0759620e+04
   2.4606262e+04
   1.3991165e+04
   5.1144586e+03
  -1.1889531e+03
  -5.5550005e+03
  -8.6013301e+03
  -1.1296995e+04
  -1.1566842e+04
  -1.1534527e+04
  -1.1372866e+04
  -1.1130948e+04
  -1.0799689e+04
  -1.0255852e+04
   2.9089084e+03
  -2.0767278e+04
  -1.9168357e+04
  -1.6694542e+04
  -1.5767080e+04
  -1.4835999e+04
  -1.3830455e+04
  -1.2665207e+04
  -1.1220904e+04
  -9.3134316e+03
  -6.6438765e+03
  -2.7383792e+03
  -3.2374531e+03
  -7.1076125e+03
  -9.8058662e+03
  -1.1931905e+04
  -1.4207199e+04
  -1.6544921e+04
  -1.5688606e+04
  -1.5551304e+04
  -1.5656670e+04
  -1.5959359e+04
  -1.7665608e+04
  -1.8546600e+04
  -2.1061949e+04
  -3.9562890e+04
  -3.9786127e+04
  -4.2584424e+04
  -2.8232878e+04
  -2.2396696e+04
  -1.8901171e+04
  -1.6730198e+04
  -1.5864762e+04
  -1.6791014e+04
  -1.6349369e+04
  -1.6107054e+04
  -1.6119225e+04
  -1.6873886e+04
  -1.8811935e+04
  -2.0220701e+04
  -2.2064033e+04
  -2.4621284e+04
  -2.8327720e+04
  -3.3633354e+04
  -2.0451736e+04
  -2.0131129e+04
  -1.9814869e+04
  -1.9514827e+04
  -1.9248065e+04
  -1.9039457e+04
  -1.8923794e+04
  -1.8947470e+04
  -1.9640448e+04
  -2.4397056e+04
  -4.0842489e+04
  -2.2111688e+04
  -9.8496245e+03
  -5.3187892e+03
  -4.0842489e+04
  -1.9640448e+04
  -1.9160941e+04
  -1.8944954e+04
  -1.8924857e+04
  -1.9043000e+04
  -1.9253351e+04
  -1.9521121e+04
  -1.9821640e+04
  -2.0138092e+04
  -2.0458682e+04
  -2.0774017e+04
  -2.1074586e+04
  -2.1348253e+04
  -2.1577697e+04
  -2.1737636e+04
  -2.1792689e+04
  -2.1696288e+04
  -2.1390152e+04
  -2.0805633e+04
  -1.0355136e+05
  -5.5848305e+04
  -4.0883317e+04
  -3.3823531e+04
  -2.9679631e+04
  -2.6914389e+04
  -2.4888614e+04
  -2.3281755e+04
  -2.1907406e+04
  -2.0638467e+04
  -1.9371542e+04
  -1.8003520e+04
  -1.6408208e+04
  -1.4400892e+04
  -1.1663711e+04
  -7.5605740e+03
  -5.4931019e+02
   1.4454136e+04
   6.3898403e+04
  -9.4310544e+03
  -9.5530171e+03
  -9.7242874e+03
  -9.9179491e+03
  -1.0119683e+04
  -1.0323085e+04
  -1.0526332e+04
  -1.0730001e+04
  -1.1140339e+04
  -3.0784014e+03
  -5.4949651e+03
  -7.0223802e+03
  -8.0993070e+03
  -8.9208366e+03
  -9.5925991e+03
  -1.0180544e+04
  -1.0733266e+04
  -1.1850901e+04
  -1.2491293e+04
  -1.3269657e+04
  -1.4274600e+04
  -1.5662131e+04
  -1.7760969e+04
  -2.1516666e+04
  -3.0110362e+04
  -4.8327320e+04
   2.8006662e+04
  -2.0805633e+04
  -2.1392877e+04
  -2.1698765e+04
  -2.1793090e+04
  -2.1734739e+04
  -2.1571316e+04
  -2.1338646e+04
  -1.0355136e+05
  -5.5783711e+04
  -4.0829706e+04
  -3.3779635e+04
  -2.9642445e+04
  -2.6883614e+04
  -2.4860052e+04
  -2.3254057e+04
  -2.1879127e+04
  -2.0607869e+04
  -1.9336302e+04
  -1.7960249e+04
  -1.6351547e+04
  -1.4318246e+04
  -1.1534897e+04
  -7.3430572e+03
  -1.2211862e+02
   1.5563278e+04
  -2.7268795e+04
  -1.2052938e+04
  -1.2148751e+04
  -1.2090228e+04
  -1.1941509e+04
  -1.1747719e+04
  -1.1536083e+04
  -1.1320884e+04
  -1.1108236e+04
  -1.0899688e+04
  -1.0694486e+04
  -1.0490990e+04
  -1.0287710e+04
  -1.0084377e+04
  -9.8834074e+03
  -9.6922785e+03
  -9.5271930e+03
  -9.4177777e+03
  -9.4116309e+03
  -9.5743396e+03
  -1.9391088e+04
  -1.9163239e+04
  -1.8994814e+04
  -1.8915461e+04
  -1.8963485e+04
  -1.9187428e+04
  -1.9640448e+04
  -1.8595474e+04
  -1.9859640e+04
  -2.1067691e+04
  -2.2309168e+04
  -2.3680177e+04
  -2.5304460e+04
  -2.7370536e+04
  -3.0200232e+04
  -3.4438065e+04
  -4.1633883e+04
  -5.6752627e+04
  -1.0355136e+05
  -2.0805633e+04
  -2.1373458e+04
  -2.1681113e+04
  -2.1790229e+04
  -2.1753649e+04
  -2.1614359e+04
  -2.1405393e+04
  -2.1150754e+04
  -2.0867571e+04
  -2.0567702e+04
  -2.0260103e+04
  -1.9952899e+04
  -1.0355136e+05
  -5.5848305e+04
  -4.0883317e+04
  -3.3823531e+04
  -2.9679631e+04
  -2.6914389e+04
  -2.4888614e+04
  -2.3281755e+04
  -2.1907406e+04
  -2.0638467e+04
  -1.9371542e+04
  -1.8003520e+04
  -1.6408208e+04
  -1.4400892e+04
  -1.1663711e+04
  -7.5605740e+03
  -5.4931019e+02
   1.4454136e+04
   6.3898403e+04
   6.3898403e+04
   1.6318240e+04
   9.9853963e+02
  -6.2754620e+03
  -1.0575946e+04
  -1.3449279e+04
  -1.5538512e+04
  -1.9640448e+04
  -1.9160941e+04
  -1.8944954e+04
  -1.8924857e+04
  -1.9043000e+04
  -1.9253351e+04
  -1.9521121e+04
  -1.9821640e+04
  -2.0138092e+04
  -2.0458682e+04
  -2.0774017e+04
  -2.1074586e+04
  -2.1348253e+04
  -2.1577697e+04
  -2.1737636e+04
  -2.1792689e+04
  -2.1696288e+04
  -2.1390152e+04
  -2.0805633e+04
  -8.1882067e+03
  -7.1034743e+03
  -5.5541696e+03
  -3.0784014e+03
   1.9718731e+03
   2.8006662e+04
  -1.0336346e+04
  -1.0535169e+04
  -1.0734445e+04
  -1.0935679e+04
  -1.1140339e+04
  -1.1348887e+04
  -1.1559415e+04
  -1.1765500e+04
  -1.1952879e+04
  -1.2094972e+04
  -1.2148542e+04
  -1.2052938e+04
  -4.8327320e+04
  -2.6542179e+04
  -1.9612446e+04
  -1.6632986e+04
  -1.4855983e+04
  -1.3643195e+04
  -1.2742309e+04
  -1.2024914e+04
  -1.1414730e+04
  -1.0859829e+04
  -1.0319212e+04
  -9.7545340e+03
  -9.1229463e+03
  -8.3680063e+03
  -7.4038923e+03
  -6.0809975e+03
  -4.0915490e+03
  -5.8214198e+02
   6.0067179e+03
   2.8006662e+04
  -1.2052938e+04
  -1.2148751e+04
  -1.2090228e+04
  -1.1941509e+04
  -1.1747719e+04
  -1.1536083e+04
  -1.1320884e+04
  -1.1108236e+04
  -1.0899688e+04
  -1.0694486e+04
  -1.0490990e+04
  -1.0287710e+04
  -1.0084377e+04
  -9.8834074e+03
  -9.6922785e+03
  -9.5271930e+03
  -9.4177777e+03
  -9.4116309e+03
  -9.5743396e+03
  -1.1759281e+04
  -1.1207190e+04
  -1.0337693e+04
  -9.0905461e+03
  -7.3550009e+03
  -4.8905654e+03
  -1.1285016e+03
   3.9008521e+03
  -1.1759281e+04
  -1.1207190e+04
  -1.0337693e+04
  -9.0905461e+03
  -7.3550009e+03
  -4.8905654e+03
  -1.1285016e+03
   3.9008521e+03
  -1.6849350e+04
  -1.4716511e+04
  -1.6849350e+04
  -1.4716511e+04
  -1.0551870e+04
  -9.9335624e+03
  -9.5743396e+03
   2.8006662e+04
   2.3393349e+03
  -2.7956167e+03
  -5.3118843e+03
  -6.8862667e+03
  -7.9888179e+03
  -8.8250267e+03
  -9.5046834e+03
  -1.0095245e+04
  -1.0644777e+04
  -1.1193370e+04
  -1.1780945e+04
  -1.2454970e+04
  -1.3281594e+04
  -1.4367792e+04
  -1.5912393e+04
  -1.8366350e+04
  -2.3325495e+04
  -4.8327320e+04
  -9.8542561e+03
  -8.7489827e+03
  -9.9424730e+03
  -1.0578385e+04
  -1.1538653e+04
  -1.2884150e+04
  -1.4733451e+04
  -1.7349829e+04
  -2.1376617e+04
  -2.7268795e+04
  -2.7268795e+04
  -2.1324554e+04
  -1.7285997e+04
  -1.4663648e+04
  -1.2818081e+04
  -8.2517622e+03
  -5.7678164e+03
  -1.8517055e+03
   3.9008521e+03
  -8.7489827e+03
  -9.8542561e+03
  -1.2052938e+04
  -1.4716511e+04
  -1.6849350e+04
  -1.1759281e+04
  -1.1207190e+04
  -1.0337693e+04
  -9.0905461e+03
  -7.3550009e+03
  -4.8905654e+03
  -1.1285016e+03
   3.9008521e+03
  -1.1706752e+04
  -1.1024259e+04
  -9.5743396e+03
  -9.8542561e+03
  -8.7489827e+03
  -9.9424730e+03
  -1.0578385e+04
  -1.1538653e+04
  -1.2884150e+04
  -1.4733451e+04
  -1.7349829e+04
  -2.1376617e+04
  -8.7489827e+03
  -9.8542561e+03
  -9.9424730e+03
  -1.0578385e+04
  -1.1538653e+04
  -1.2884150e+04
  -1.4733451e+04
  -1.7349829e+04
  -2.1376617e+04
  -1.9945004e+04
  -1.8705474e+04
  -1.6990808e+04
  -1.4676144e+04
  -1.1556431e+04
  -7.2933718e+03
  -1.3946498e+03
   5.0294498e+03
  -4.9965707e+04
  -3.3037841e+04
  -2.5920659e+04
  -2.1905567e+04
  -1.9391959e+04
  -1.7871483e+04
  -1.7582894e+04
  -4.8327320e+04
  -1.1384211e+05
  -1.4799264e+05
  -1.6847784e+04
  -1.6362248e+04
  -1.5339859e+04
  -1.3834662e+04
  -1.1925010e+04
  -9.6910435e+03
  -7.3560170e+03
  -5.7274440e+03
  -1.9945004e+04
  -1.8705474e+04
  -1.6990808e+04
  -1.4676144e+04
  -1.1556431e+04
  -7.2933718e+03
  -1.3946498e+03
   5.0294498e+03
  -4.0012478e+04
  -3.1449849e+04
  -2.5789188e+04
  -2.1896099e+04
  -1.9066303e+04
  -4.9965707e+04
  -3.3037841e+04
  -2.5920659e+04
  -2.1905567e+04
  -1.9391959e+04
  -1.7871483e+04
  -1.7582894e+04
  -1.1384211e+05
  -1.4799264e+05
  -4.0012478e+04
  -3.1449849e+04
  -2.5789188e+04
  -2.1896099e+04
  -1.9066303e+04
  -1.6847784e+04
  -1.6362248e+04
  -1.5339859e+04
  -1.3834662e+04
  -1.1925010e+04
  -9.6910435e+03
  -7.3560170e+03
  -5.7274440e+03
  -1.2366398e+04
  -1.4477279e+04
  -1.6976319e+04
  -1.9727787e+04
  -2.2111688e+04
   4.7790494e+03
  -2.7875364e+03
  -7.0752760e+03
  -9.9633552e+03
  -1.2224098e+04
  -1.4644132e+04
  -1.6849350e+04
  -1.4716511e+04
   1.1686734e+05
   9.2446779e+04
   1.6079896e+04
   6.1244209e+03
  -9.5742306e+01
  -4.1639634e+03
  -6.9078092e+03
  -2.0388367e+04
  -2.1497031e+04
  -2.3054799e+04
  -2.5170482e+04
  -2.8012579e+04
  -3.1828900e+04
  -3.6834723e+04
  -4.0842489e+04
  -8.8936275e+03
  -9.5284425e+03
   1.1839853e+05
   9.1248060e+04
   1.6079896e+04
   6.1244209e+03
  -9.5742306e+01
  -4.1639634e+03
  -6.9078092e+03
  -2.0388367e+04
  -2.1497031e+04
  -2.3054799e+04
  -2.5170482e+04
  -2.8012579e+04
  -3.1828900e+04
  -3.6834723e+04
  -4.0842489e+04
  -8.9009781e+03
  -9.5591909e+03
  -1.0761028e+04
  -1.2446548e+04
  -1.4550549e+04
  -1.7031440e+04
  -1.9756378e+04
  -2.2111688e+04
  -9.6519282e+03
  -1.0216744e+04
  -1.0750975e+04
  -1.1291586e+04
  -1.1876692e+04
  -1.2552776e+04
  -1.3385626e+04
  -1.4481613e+04
  -1.6038949e+04
  -1.8510017e+04
  -2.3502125e+04
  -1.4719019e+04
  -1.2331176e+04
  -1.0146043e+04
  -7.4033247e+03
  -3.4363189e+03
   3.2478970e+03
   1.8494948e+04
  -1.2877217e+04
  -1.0423575e+04
  -7.7065837e+03
  -5.7274440e+03
  -4.0684597e+04
  -3.3947361e+04
  -2.7207942e+04
  -2.2552366e+04
  -1.9309564e+04
  -1.9889321e+04
  -1.6158699e+04
  -1.6816650e+04
  -1.6814833e+04
  -1.4488559e+04
  -1.1362586e+04
  -7.1116920e+03
  -1.2770365e+03
   5.0294498e+03
  -4.8327320e+04
  -1.4749125e+05
  -1.1638729e+05
  -8.7586534e+04
  -1.7527736e+04
  -1.8072455e+04
  -1.9942396e+04
  -2.3092107e+04
  -2.8494684e+04
  -1.9371546e+04
  -2.2721637e+04
  -2.7599534e+04
  -3.5192435e+04
  -4.3389786e+04
  -1.6847784e+04
  -1.6362248e+04
  -1.5339859e+04
  -1.3834662e+04
  -1.1925010e+04
  -9.6910435e+03
  -7.3560170e+03
  -5.7274440e+03
  -1.5013205e+05
  -1.0521756e+05
  -4.9965707e+04
  -3.3037841e+04
  -2.5920659e+04
  -2.1905567e+04
  -1.9391959e+04
  -1.7871483e+04
  -1.7582894e+04
  -1.9945004e+04
  -1.8705474e+04
  -1.6990808e+04
  -1.4676144e+04
  -1.1556431e+04
  -7.2933718e+03
  -1.3946498e+03
   5.0294498e+03
  -2.4671504e+04
  -2.7507235e+04
  -3.1378829e+04
  -3.6548101e+04
  -6.6008708e+03
  -3.2413302e+03
   2.0565296e+03
   8.2286654e+03
   1.4462802e+04
  -1.4719019e+04
  -1.2331176e+04
  -1.0146043e+04
  -7.4033247e+03
  -3.4363189e+03
   3.2478970e+03
   1.8494948e+04
   7.0653016e+04
   1.0574152e+05
   1.1500622e+05
   2.8006662e+04
  -6.6745196e+03
  -3.4687472e+03
   1.4965717e+03
   9.5663509e+03
   1.9362275e+04
  -2.0308898e+04
  -2.1274010e+04
  -1.4719019e+04
  -1.2331176e+04
  -1.0146043e+04
  -7.4033247e+03
  -3.4363189e+03
   3.2478970e+03
   1.8494948e+04
   8.9818290e+04
   1.1893088e+05
  -8.9009781e+03
  -9.5591909e+03
  -1.0761028e+04
  -1.2446548e+04
  -1.4550549e+04
  -1.7031440e+04
  -1.9756378e+04
  -1.9756378e+04
  -1.7031440e+04
  -1.4550549e+04
  -1.2446548e+04
  -1.0761028e+04
  -9.5591909e+03
  -8.9009781e+03
  -3.6834723e+04
  -3.1828900e+04
  -2.8012579e+04
  -2.5170482e+04
  -2.3054799e+04
  -2.1497031e+04
  -2.0388367e+04
  -3.3003699e+03
  -5.1855245e+03
  -2.1306474e+04
  -2.1029479e+04
  -2.1306474e+04
  -2.1029479e+04
  -3.3003699e+03
  -5.1855245e+03
  -2.4397056e+04
  -2.3311690e+04
  -9.8496245e+03
  -5.3187892e+03
  -2.3311690e+04
  -2.4397056e+04
  -5.3189714e+03
  -9.8493551e+03
  -3.3003699e+03
  -3.3003699e+03
  -2.1029256e+04
  -2.1306692e+04
  -5.1855245e+03
  -2.1029256e+04
  -2.1306692e+04
  -5.1855245e+03
  -1.2148542e+04
  -1.2094972e+04
  -1.1952879e+04
  -1.1765500e+04
  -1.1559415e+04
  -2.4397056e+04
  -9.8496245e+03
  -5.3187892e+03
  -9.9266313e+03
  -9.7242874e+03
  -9.5464768e+03
  -9.4238923e+03
  -9.4086094e+03
  -2.3311690e+04
  -2.0808026e+04
  -1.0425497e+04
  -1.2667963e+04
  -1.7016509e+04
  -1.1334398e+04
  -1.4464172e+04
  -1.6725910e+04
  -2.0382088e+04
  -2.4183245e+04
  -2.3644382e+04
  -1.9616726e+04
  -1.6972888e+04
  -1.5331628e+04
  -1.4811218e+04
  -1.3430482e+04
  -9.1908639e+03
  -1.3376712e+04
  -1.1182708e+04
  -8.5838246e+03
  -5.5895903e+03
  -6.5678076e+04
  -2.9938037e+04
  -1.1438406e+04
  -7.2045005e+03
  -1.9190384e+04
  -1.9939574e+04
  -1.5467895e+04
  -1.6823042e+04
  -1.4945750e+04
  -1.3797176e+04
  -8.4566523e+03
  -1.2708778e+04
  -1.2099486e+04
  -1.0479480e+04
  -1.0744895e+04
  -1.6141412e+04
  -1.3942714e+04
  -1.2725951e+04
  -2.0919952e+04
  -3.3539960e+04
  -4.3229767e+04
  -5.6392093e+04
  -5.6009966e+04
  -4.2554822e+04
  -2.5566729e+04
  -1.8970337e+04
  -2.6632525e+04
  -5.1321905e+04
  -3.3457719e+04
  -2.1585035e+04
  -4.2993855e+04
  -1.3856123e+04
  -1.3961203e+04
  -1.3894033e+04
  -1.3638372e+04
  -1.3200993e+04
  -1.2441637e+04
   5.8003230e+03
  -1.3345461e+04
  -2.7623346e+04
  -1.9165126e+04
  -1.5931634e+04
  -1.5045719e+04
  -1.5341237e+04
  -1.4570257e+04
  -1.5837495e+04
  -2.9298607e+04
  -2.5545406e+04
  -2.2281839e+04
  -1.9685544e+04
  -1.7611180e+04
  -1.4318456e+04
  -1.4154169e+04
  -1.3823369e+04
  -1.3403404e+04
  -2.2081826e+04
  -1.7199264e+04
  -1.5696686e+04
  -1.4979595e+04
  -1.3971153e+04
  -1.6820804e+04
  -1.4703335e+04
  -2.0499145e+04
  -1.5449778e+04
  -1.8264683e+04
  -2.1360648e+04
  -1.9368439e+04
  -1.5880666e+04
  -1.5177697e+04
  -1.5756336e+04
  -2.3791575e+04
  -1.7701931e+04
  -1.6263290e+04
  -1.6408243e+04
  -1.8625119e+04
  -1.5941827e+04
  -1.6648598e+04
  -1.7300265e+04
  -1.7407463e+04
  -9.6373983e+03
  -6.2253906e+03
  -1.4059078e+04
  -3.3876267e+03
  -6.4483530e+03
  -9.0656659e+03
  -1.2551012e+04
  -1.2920211e+04
  -1.3017821e+04
  -1.2974689e+04
  -1.2799997e+04
  -1.2422574e+04
  -1.0156768e+04
  -1.0720091e+04
  -1.1335729e+04
  -1.1825011e+04
  -5.4183258e+03
  -7.2339044e+03
  -8.6043517e+03
  -9.6038082e+03
  -1.0386256e+04
  -1.1060741e+04
  -1.1749555e+04
  -4.9234471e+03
  -7.9340455e+03
  -9.7556472e+03
  -1.1637884e+04
  -1.1005501e+04
  -1.0468269e+04
  -1.1839961e+04
  -1.2276072e+04
  -1.0132965e+04
  -8.5238448e+03
  -7.4380202e+03
  -6.4919874e+03
  -1.2384256e+04
  -9.4034720e+03
  -1.2586674e+04
  -1.2622687e+04
  -1.1445850e+04
  -1.0738427e+04
  -1.1091118e+04
  -8.4547188e+03
  -9.6560176e+03
  -1.0498233e+04
  -1.1167473e+04
  -1.2546402e+04
  -1.1745277e+04
  -1.2270219e+04
  -1.2097128e+04
  -1.1536219e+04
  -9.6504769e+03
  -1.0470929e+04
  -1.1125912e+04
  -1.2148312e+04
  -9.1377184e+03
  -1.0399753e+04
  -1.2143487e+04
  -1.1058324e+04
  -1.1685802e+04
  -9.8279165e+03
  -1.1139721e+04
  -1.0774721e+04
  -1.1825571e+04
  -1.0256535e+04
  -1.1614289e+04
  -1.6832555e+04
  -1.4051570e+04
  -1.1063725e+04
  -7.3294413e+03
  -2.5270707e+03
   4.4381703e+03
   1.2814158e+04
   1.8808609e+04
   1.9973078e+04
  -2.0375263e+04
  -2.4776414e+04
  -2.7920725e+04
  -4.0532189e+03
   8.5892890e+03
  -1.9451070e+04
  -1.4285120e+04
  -9.3572263e+03
  -6.9215116e+03
  -2.2455169e+04
  -2.1964546e+04
  -1.1732142e+04
   5.5813031e+02
  -1.6888767e+04
  -7.6814979e+03
  -4.2346539e+03
  -1.1221378e+04
  -1.4695623e+04
  -1.0957131e+04
  -7.7935637e+03
  -3.2520933e+03
   2.0838205e+03
   4.2609103e+03
  -1.9181504e+04
  -3.3481379e+03
  -8.0235359e+03
  -1.7375394e+04
  -1.4093329e+04
  -1.6483164e+04
  -1.1460419e+04
  -1.3657494e+04
  -1.3624061e+04
  -8.2956464e+03
   3.0983988e+03
   5.2999417e+04
  -1.3489997e+04
  -1.1567880e+04
  -9.1166551e+03
  -5.6539349e+03
  -1.5151748e+02
   1.0528000e+04
   4.0430965e+04
  -1.5980937e+04
  -1.1263134e+04
  -4.0205105e+03
   1.7596615e+04
  -1.4250946e+04
  -1.3815049e+04
  -1.3804267e+04
  -1.4021050e+04
  -1.4360320e+04
  -1.5159153e+04
  -1.5847353e+04
  -1.7619218e+04
  -1.9610900e+04
  -2.2969659e+04
  -2.8794214e+04
  -3.7016556e+04
  -1.8326018e+04
  -1.7961142e+04
  -1.7670814e+04
  -1.7149967e+04
  -1.6944338e+04
  -1.6130643e+04
  -2.7186114e+04
  -2.0356244e+04
  -1.7900211e+04
  -2.1022989e+04
  -1.8578159e+04
  -1.6616613e+04
  -2.5324780e+04
  -1.7804203e+04
  -1.8114592e+04
  -1.7432736e+04
  -1.6880953e+04
  -2.2957756e+04
  -1.8700464e+04
  -2.5779898e+04
  -1.4435772e+04
  -1.4465410e+04
  -1.4757741e+04
  -1.4998573e+04
  -2.0072658e+04
  -1.7602531e+04
  -1.5899920e+04
  -1.4870688e+04
  -2.2818171e+04
  -1.6777429e+04
  -1.5920710e+04
  -1.7546546e+04
  -1.7890760e+04
  -1.8835588e+04
  -1.8666159e+04
  -2.0752807e+04
  -2.1852352e+04
  -1.7114680e+04
  -1.6328975e+04
  -2.3358907e+04
  -1.5507743e+04
  -1.6702129e+04
  -1.4930095e+04
  -2.1618171e+04
  -1.5096328e+04
  -1.8898600e+04
  -1.5187038e+04
  -1.7642809e+04
  -1.5387777e+04
  -1.6949834e+04
  -1.6509189e+04
  -1.5905662e+04
  -1.8553514e+04
  -1.7352259e+04
  -2.0214657e+04
  -1.5907337e+04
  -2.0096194e+04
  -1.5604370e+04
  -1.8708739e+04
  -1.6392104e+04
  -1.5690889e+04
  -1.7519770e+04
  -1.6285691e+04
  -1.6236035e+04
  -1.6742523e+04
  -1.6808928e+04
  -1.2238801e+04
  -1.2337122e+04
  -1.3461688e+04
  -1.5445728e+04
  -1.4586190e+04
  -1.4802395e+04
   3.5389926e+03
  -7.4835078e+03
  -1.2150902e+04
  -1.2987270e+04
  -9.2077661e+03
  -2.8953715e+03
   8.2582285e+02
  -1.2052157e+04
  -1.2840647e+04
  -1.4284508e+04
  -1.4964335e+04
  -1.4486730e+04
  -1.0134764e+04
  -3.3979305e+03
  -1.1269752e+04
  -6.4556092e+03
  -1.0928667e+04
  -5.5615051e+03
  -1.3727977e+04
  -1.0943135e+04
  -1.2607780e+04
  -6.7284204e+03
  -1.2635093e+04
  -3.3380976e+03
  -8.4604889e+03
  -1.2586986e+04
  -1.1883514e+04
  -1.3201167e+04
  -9.1990086e+03
  -1.0817135e+04
  -9.1024010e+03
  -1.0753468e+04
  -1.1982310e+04
  -8.4817050e+03
  -9.8852579e+03
  -6.7938144e+03
  -1.1578882e+04
  -1.1215149e+04
  -1.0439779e+04
  -2.0018947e+04
  -1.4217959e+04
  -1.6718912e+04
  -1.0435771e+04
   9.0706061e+03
   5.8521177e+03
   1.4552495e+03
  -2.6802679e+03
  -6.2138244e+03
  -8.6648214e+03
  -1.1653411e+04
  -1.4129996e+04
  -1.6858930e+04
  -1.9583975e+04
   6.6252537e+02
  -8.5484454e+03
  -1.3361406e+04
  -1.5897583e+04
  -1.8027780e+04
  -2.2701101e+04
  -2.6270202e+04
  -2.2432735e+04
  -4.6568665e+03
  -1.1310982e+04
  -1.6658432e+04
  -2.0016816e+04
  -1.0884008e+04
  -3.0297694e+03
  -5.5410358e+03
  -7.8502338e+03
  -1.0675015e+04
  -7.2151170e+02
  -1.3996887e+04
  -1.6635073e+04
  -1.5950529e+04
  -1.3502777e+04
  -1.4322889e+04
  -1.7992459e+04
  -6.4381566e+03
  -2.0523722e+04
  -1.0663868e+04
  -1.1298072e+04
  -1.2506676e+04
  -1.3551616e+04
  -1.4545198e+04
  -8.4312128e+03
   4.8832605e+04
   7.1670576e+03
  -4.9640699e+03
   4.1305136e+04
   1.6040646e+04
  -1.8920129e+03
  -5.8138968e+03
  -7.5648110e+03
   2.0206836e+04
  -5.5424203e+02
   4.4569421e+03
  -1.1748133e+04
  -1.1949153e+04
  -1.1907258e+04
  -1.1769731e+04
  -1.1508998e+04
  -1.1047152e+04
  -1.1666514e+04
  -1.2242574e+04
  -1.2755412e+04
  -1.3378931e+04
  -1.4022570e+04
  -1.5366657e+04
  -2.6747581e+04
  -2.4152285e+04
  -2.1698308e+04
  -1.9272488e+04
  -1.7231697e+04
  -1.1659138e+04
  -1.2060844e+04
  -1.2645126e+04
  -1.3224407e+04
  -1.3892443e+04
  -1.4701531e+04
  -1.5754755e+04
  -1.7359625e+04
  -2.0767598e+04
  -1.1972365e+04
  -1.2495723e+04
  -1.3039291e+04
  -1.3722763e+04
  -1.4179754e+04
  -1.4555232e+04
  -1.2299525e+04
  -1.2314733e+04
  -1.2107273e+04
  -1.2648638e+04
  -1.3635636e+04
  -1.3316446e+04
  -1.5717586e+04
  -1.4042841e+04
  -1.5023491e+04
  -1.2280234e+04
  -2.0228637e+04
  -1.8825225e+04
  -1.7351763e+04
  -1.2356216e+04
  -1.2873801e+04
  -1.3429728e+04
  -1.4051039e+04
  -1.4775835e+04
  -1.5657386e+04
  -1.6809132e+04
  -1.8469712e+04
  -1.2968271e+04
  -1.2677664e+04
  -1.3926960e+04
  -1.2771257e+04
  -1.8074046e+04
  -1.7094093e+04
  -1.6198319e+04
  -1.3255061e+04
  -1.3862616e+04
  -1.4494902e+04
  -1.5239662e+04
  -1.6150586e+04
  -1.3511267e+04
  -1.5703329e+04
  -1.4866125e+04
  -1.4276307e+04
  -1.3059268e+04
  -1.7217523e+04
  -1.3626651e+04
  -1.4055793e+04
  -1.4671114e+04
  -1.5570078e+04
  -1.6590095e+04
  -1.3252076e+04
  -1.1154662e+04
  -1.0955183e+04
  -1.0323460e+04
  -8.8648865e+03
  -5.0684918e+03
   1.2418247e+03
  -9.5718555e+03
  -1.0933480e+03
  -6.5005875e+03
  -8.3647412e+03
  -1.0697804e+04
  -1.0471145e+04
  -1.0209401e+04
  -9.9396759e+03
  -1.1145838e+04
  -1.0687555e+04
  -9.9355438e+03
  -7.4612018e+03
  -4.0944294e+03
  -9.8408582e+03
  -1.0529386e+04
  -1.0173741e+04
  -9.0512665e+03
  -1.0745566e+04
  -4.9325036e+03
  -1.0330051e+04
  -7.2120583e+03
  -6.8551379e+03
  -8.3693186e+03
  -4.4958929e+03
  -9.2857427e+03
  -9.6912443e+03
  -9.6953788e+03
  -8.8776121e+03
  -1.0023786e+04
  -7.1226617e+03
  -8.7419464e+03
  -1.4710245e+04
  -1.3947896e+04
  -1.3030412e+04
  -1.1946483e+04
  -1.0636908e+04
  -9.0186521e+03
  -7.0506608e+03
  -5.0574811e+03
  -7.3752122e+03
  -9.6058230e+03
  -1.1401089e+04
  -1.3322327e+04
  -1.5391588e+04
  -1.5204614e+04
  -1.4955036e+04
  -1.5185705e+04
  -1.6308803e+04
  -1.5765804e+04
  -1.5005607e+04
  -1.4343019e+04
  -1.4673629e+04
  -1.5400478e+04
  -1.6054123e+04
  -1.5173687e+04
  -1.4670621e+04
  -1.3610576e+04
  -1.2737239e+04
  -1.1701439e+04
  -1.0611192e+04
  -9.3683792e+03
  -8.1555481e+03
  -1.2812863e+04
  -9.4677467e+03
  -1.2517838e+04
  -1.4999573e+04
  -1.4751128e+04
  -1.4473065e+04
  -1.3269431e+04
  -1.3772218e+04
  -1.1245099e+04
  -1.4254275e+04
  -1.2640841e+04
  -1.1776648e+04
  -1.0869026e+04
  -1.0340581e+04
  -1.3357505e+04
  -1.3909987e+04
  -1.4275536e+04
  -1.2724375e+04
  -1.1905676e+04
  -1.4220060e+04
  -1.3483539e+04
  -2.6574864e+04
  -1.8611514e+04
  -1.7184366e+04
  -2.1227394e+04
  -1.7033463e+04
  -1.6759221e+04
  -1.6537164e+04
  -1.6643397e+04
  -1.7766396e+04
  -1.8775414e+04
  -2.1438945e+04
  -2.6040506e+04
  -2.9020712e+04
  -1.8002463e+04
  -1.8239948e+04
  -1.7777205e+04
  -1.8734087e+04
  -2.0752631e+04
  -2.3672318e+04
  -2.0189275e+04
  -2.3399550e+04
  -1.8102796e+04
  -1.7747558e+04
  -1.7190485e+04
  -1.6959889e+04
  -1.7335508e+04
  -2.1862045e+04
  -2.0667881e+04
  -1.8109865e+04
  -1.7737290e+04
  -1.9244873e+04
  -1.9253943e+04
  -1.7809200e+04
  -2.0501189e+04
  -1.7417133e+04
  -1.8030074e+04
  -1.9454854e+04
  -1.8670821e+04
  -1.7543660e+04
  -1.8088697e+04
  -1.9138180e+04
  -1.8349436e+04
  -2.2154928e+04
  -2.7275741e+04
  -4.3946526e+03
  -3.3709084e+02
   7.0481878e+03
   2.0221831e+04
   4.6097154e+04
  -1.3478810e+04
  -9.0316528e+03
   4.5643819e+01
   4.2635082e+04
   5.2055878e+04
  -7.0354975e+03
  -9.7480530e+03
  -1.4357288e+04
  -1.9445016e+04
  -2.2688347e+04
  -1.8050138e+04
  -1.5996383e+04
  -5.4918591e+03
  -1.1535403e+04
   1.0974039e+04
  -7.9247696e+03
  -1.1964871e+04
  -1.6886213e+04
  -1.6690860e+04
  -2.0077942e+04
  -2.2342695e+04
   1.7618828e+04
   2.2533387e+03
   1.0264853e+04
   2.4916635e+04
  -3.6264536e+03
  -1.4087834e+04
  -1.1204111e+04
  -1.3625679e+04
  -3.7462960e+03
   3.3330717e+03
  -1.1503009e+04
  -1.4313231e+04
  -1.6188789e+04
  -1.8330874e+04
  -8.8402782e+03
  -5.9971043e+03
  -1.9188830e+04
  -7.8003265e+03
  -1.6651829e+04
   1.5603983e+04
  -1.1202632e+04
  -9.6430311e+03
   8.3363036e+00
  -1.3236269e+04
  -1.4830841e+04
  -8.2107772e+03
  -4.9304686e+03
  -1.6549362e+04
   8.2030278e+03
  -1.3985558e+04
   4.3865916e+03
  -6.9507120e+03
  -1.1897225e+04
  -2.4527127e+03
  -1.1340776e+04
  -7.8146410e+03
   2.7934844e+03
   1.3108727e+02
  -1.0179183e+04
  -7.3872645e+03
  -2.9182754e+03
  -3.9723100e+03
  -1.4978829e+04
  -1.4743271e+04
  -1.5322999e+04
  -1.5921105e+04
  -1.6618094e+04
  -1.7283641e+04
  -1.7813180e+04
  -1.8195430e+04
  -3.4719448e+04
  -2.4866457e+04
  -2.0580511e+04
  -1.8097786e+04
  -1.6019371e+04
  -1.3873924e+04
  -1.0730881e+04
  -3.8916125e+03
   5.2808529e+03
  -1.3602448e+04
  -1.1529014e+04
  -9.4443413e+03
  -6.7587001e+03
  -2.4875687e+03
  -3.5573147e+04
  -2.7680966e+04
  -2.3110009e+04
  -2.0295109e+04
  -1.8526334e+04
  -1.7752319e+04
  -1.4617191e+04
  -1.5070155e+04
  -1.5594141e+04
  -1.6301448e+04
  -1.6964602e+04
  -1.7557866e+04
  -1.8024134e+04
  -1.8337375e+04
  -2.2357092e+04
  -2.8649150e+04
  -1.9228927e+04
  -1.6980652e+04
  -1.4998915e+04
  -1.2530247e+04
  -8.1202252e+03
  -1.2688884e+04
  -1.7275061e+04
  -1.4924818e+04
  -1.3729645e+04
  -1.5809046e+04
  -1.6630348e+04
  -1.7423282e+04
  -1.8322002e+04
  -1.4501184e+04
  -1.3362661e+04
  -1.6226745e+04
  -2.1233510e+04
  -1.9570336e+04
  -7.1538280e+03
  -2.3534133e+04
  -2.7079966e+04
  -1.1241300e+04
  -1.2552536e+04
  -1.4545174e+04
  -9.4859998e+03
  -4.2171164e+03
  -1.7891865e+04
  -1.2817271e+04
  -1.1126967e+04
  -9.2463367e+03
  -6.9942132e+03
  -1.5385762e+04
  -2.3868175e+04
  -2.1082633e+04
  -1.8942698e+04
  -1.4091613e+04
  -1.3604787e+04
  -1.7030398e+04
  -1.7752644e+04
  -1.5423546e+04
  -1.6303305e+04
  -1.8162672e+04
  -1.7527941e+04
  -7.5670605e+03
  -1.4229223e+04
  -1.2665685e+04
  -2.0594889e+04
  -2.2284525e+04
  -1.0755332e+04
  -1.6926907e+04
  -1.1012209e+04
  -1.2199330e+04
  -1.9843553e+04
  -1.3647164e+04
  -9.2491738e+03
  -1.2022213e+04
  -1.7139932e+04
  -1.4703769e+04
  -1.5842028e+04
  -1.4783900e+04
  -1.6368736e+04
  -1.8004994e+04
  -1.9160518e+04
  -1.3114909e+04
  -1.3892517e+04
  -9.5755227e+03
  -1.5332063e+04
  -1.6279648e+04
  -1.3012158e+04
  -1.1347899e+04
  -1.2750069e+04
  -1.7727865e+04
  -1.2118373e+04
  -1.5484784e+04
  -1.1742762e+04
  -1.8699177e+04
  -1.6413223e+04
  -1.0810861e+04
  -1.5720102e+04
  -1.6914972e+04
  -1.6199387e+04
  -1.4311188e+04
  -1.5003955e+04
  -1.3562509e+04
   6.5076863e+03
  -1.4255813e+04
  -1.3727150e+04
  -1.3051508e+04
  -1.2502865e+04
  -1.1911466e+04
  -1.1338875e+04
  -1.0750593e+04
  -1.0150612e+04
  -2.7145279e+04
  -2.0501205e+04
  -1.7653459e+04
  -1.5958647e+04
  -1.4782654e+04
  -1.3893962e+04
  -1.3169593e+04
  -1.2529683e+04
  -1.1918567e+04
  -1.1306964e+04
  -1.0663594e+04
  -9.9307248e+03
  -9.0208819e+03
  -7.8186684e+03
  -6.1049840e+03
  -3.2495678e+03
   3.0511997e+03
  -9.5693789e+03
  -1.5446599e+04
  -1.7412375e+04
  -1.9658278e+04
  -2.2248961e+04
  -6.1514065e+03
   8.1698163e+02
  -1.4108856e+04
  -1.3322543e+04
  -1.2782569e+04
  -1.2211339e+04
  -1.1619417e+04
  -1.1054818e+04
  -1.0441574e+04
  -9.9452487e+03
  -2.3877777e+04
  -3.1683527e+03
  -8.2744002e+03
  -1.3319796e+04
  -1.5124895e+04
  -1.1075291e+04
  -1.2210161e+04
  -1.2580540e+04
  -1.1480924e+04
  -1.1850361e+04
  -3.5312925e+03
  -9.4810277e+03
  -1.4032604e+04
  -1.0143099e+04
  -1.9412150e+04
  -1.7138518e+04
  -1.5791037e+04
  -1.4789978e+04
  -1.4002581e+04
  -1.3332339e+04
  -1.2719139e+04
  -1.2115868e+04
  -1.1498590e+04
  -1.0838724e+04
  -1.0055614e+04
  -9.0662582e+03
  -7.7626645e+03
  -5.9510308e+03
  -1.5859593e+04
  -1.3670549e+04
  -1.7665513e+04
  -1.9320058e+04
  -1.4538257e+04
  -1.9819466e+04
  -6.1278993e+03
  -1.2953117e+04
  -1.0632439e+04
  -8.0447852e+03
  -8.0676274e+03
  -1.3020442e+04
  -1.5545538e+04
  -1.3476080e+04
  -1.1235622e+04
  -1.7776478e+04
  -1.6365124e+04
  -1.5277223e+04
  -1.4452010e+04
  -1.3769840e+04
  -1.3169865e+04
  -1.2616053e+04
  -1.2040924e+04
  -1.1469764e+04
  -1.0813900e+04
  -9.9913858e+03
  -8.9719078e+03
  -6.7388938e+03
  -1.7832162e+04
  -1.0060933e+04
  -9.2542838e+03
  -1.6455981e+04
  -1.3940907e+04
  -1.2155953e+04
  -1.0658327e+04
  -1.1723739e+04
  -7.7167451e+03
  -1.4349835e+04
  -1.2580950e+04
  -1.4796952e+04
  -1.6521016e+04
  -1.0728712e+04
  -1.2841168e+04
  -9.2365806e+03
  -1.4646831e+04
  -1.3972801e+04
  -1.3400879e+04
  -1.1954560e+04
  -1.1445441e+04
  -9.8391131e+03
  -1.4965538e+04
  -1.5554540e+04
  -8.5704423e+03
  -1.1948601e+04
  -1.5570485e+04
  -1.2399780e+04
  -1.2356807e+04
  -3.5190533e+04
  -2.4759222e+04
  -2.0567032e+04
  -1.8057442e+04
  -1.6051480e+04
  -1.3888297e+04
  -1.0563878e+04
  -4.1766052e+03
  -1.4846581e+04
  -1.4700765e+04
  -1.5282817e+04
  -1.6107514e+04
  -1.6690209e+04
  -1.7292965e+04
  -1.7808511e+04
  -1.8145038e+04
  -1.7934703e+04
  -3.5880221e+04
  -2.7538708e+04
  -2.3083823e+04
  -2.0261630e+04
  -1.8446606e+04
  -1.3533214e+04
  -1.1476799e+04
  -9.3120134e+03
  -6.6770558e+03
  -2.7118961e+03
   4.4706105e+03
  -2.8675152e+04
  -2.2312068e+04
  -1.9205602e+04
  -1.7024368e+04
  -1.5044078e+04
  -1.2469219e+04
  -7.9826010e+03
   1.6484241e+03
  -1.4954513e+04
  -1.4582848e+04
  -1.5695916e+04
  -1.6424309e+04
  -1.6991854e+04
  -1.7561687e+04
  -1.8010495e+04
  -1.9533546e+04
  -2.3391733e+04
  -1.6293041e+04
  -1.7242065e+04
  -1.4568195e+04
  -1.5426726e+04
  -1.2533006e+04
  -1.3627878e+04
  -9.3665638e+03
  -1.7779346e+04
  -1.5096141e+04
  -1.1109831e+04
  -2.1153047e+04
  -1.3212115e+04
  -1.2830926e+04
  -1.2600343e+04
  -1.7028029e+04
  -1.5816165e+04
  -1.6626517e+04
  -1.6224550e+04
  -1.7430894e+04
  -1.7916353e+04
  -1.4653692e+04
  -3.0781244e+03
  -2.7895237e+04
  -2.3714395e+04
  -2.0930907e+04
  -1.8829209e+04
  -1.4152198e+04
  -1.0774626e+04
  -9.2100822e+03
  -7.0832892e+03
  -1.8291840e+04
  -6.8935556e+03
  -1.3672493e+04
  -1.5429292e+04
  -1.4687427e+04
  -1.4830238e+04
  -1.4464344e+04
  -1.8278068e+04
  -1.6229474e+04
  -1.1846819e+04
  -1.5423676e+04
  -1.3209207e+04
  -1.5817933e+04
  -1.1245102e+04
  -1.2504289e+04
  -2.1179345e+04
  -9.2708838e+03
  -1.3841275e+04
  -1.0017581e+04
  -1.6900961e+04
  -1.5303230e+04
  -1.9047474e+04
  -1.6345613e+04
  -1.1984339e+04
  -1.3881261e+04
  -1.7510984e+04
  -2.0304451e+04
  -1.9588896e+04
  -1.7091371e+04
  -1.0852114e+04
  -1.3027226e+04
  -1.7972790e+04
  -1.5634830e+04
  -1.1187401e+04
  -1.6852326e+04
  -1.4867168e+04
  -1.4267893e+04
  -1.8572340e+04
  -1.6150236e+04
  -1.6352721e+04
  -1.2767439e+04
  -1.4236568e+04
  -1.2189344e+04
  -1.3122048e+04
  -1.3543571e+04
  -1.7725822e+04
  -1.9450552e+04
  -1.4188646e+04
  -1.3722785e+04
  -1.3014704e+04
  -1.2449648e+04
  -1.1916203e+04
  -1.1334989e+04
  -1.0749292e+04
  -1.0127185e+04
  -9.8124536e+03
  -1.5374359e+04
  -1.4953375e+03
  -7.0826708e+03
  -9.5557959e+03
  -1.1068624e+04
  -1.2296899e+04
  -1.3565922e+04
  -1.5418290e+04
  -1.8693402e+04
  -2.7556243e+04
  -2.1822007e+04
  -1.7290824e+04
   2.9253947e+03
  -1.0067640e+03
  -3.8396935e+03
  -6.4236872e+03
  -8.3713610e+03
  -1.4070195e+04
  -1.3358120e+04
  -1.2714364e+04
  -1.2190583e+04
  -1.1627982e+04
  -1.1046434e+04
  -1.0441385e+04
  -4.9427081e+03
  -8.5108578e+03
  -1.0368113e+04
  -1.1703841e+04
  -1.2898904e+04
  -1.4376407e+04
  -1.6792607e+04
  -2.1951891e+04
  -1.9403112e+04
  -2.4613089e+04
  -1.5072024e+04
  -1.5343571e+04
  -1.2895543e+04
  -1.4008260e+04
  -1.2206741e+04
  -1.7897554e+04
  -1.3221498e+04
  -1.1253479e+04
  -3.4211894e+03
  -2.2716263e+04
  -1.9966943e+04
  -6.6504953e+03
  -1.0513374e+04
  -1.3113183e+04
  -1.4461590e+04
  -1.2525244e+04
  -1.6456261e+04
  -1.3741101e+04
  -9.4320757e+03
  -1.4521627e+04
  -1.2557281e+04
  -1.9289863e+04
  -2.0898597e+04
  -4.9493193e+03
  -6.1960072e+03
  -8.0777116e+03
  -1.5721841e+04
  -1.3582473e+04
  -1.1840346e+04
  -1.1467210e+04
  -8.4595683e+03
  -1.1916161e+04
  -1.0639481e+04
  -1.7616063e+04
  -9.6631183e+03
  -1.0109076e+04
  -1.1072104e+04
  -1.4975700e+04
  -1.1191610e+04
  -1.5558035e+04
  -1.2456352e+04
  -1.6327567e+04
  -1.6871205e+04
  -7.4158942e+03
  -1.5842979e+04
  -1.8415741e+04
  -1.7670544e+04
  -1.2126797e+04
  -1.1854623e+04
  -1.3363368e+04
  -1.4876520e+04
  -9.1677988e+03
  -1.0679112e+04
  -1.0491683e+04
  -1.3604403e+04
  -1.3035761e+04
  -1.4264387e+04
  -1.2543720e+04
  -1.1694159e+04
  -1.3761728e+04
  -1.0152158e+04
  -1.2989444e+04
  -8.6174065e+03
  -1.4223629e+04
  -1.1652580e+04
  -1.5223631e+04
  -9.7383137e+03
  -1.5752420e+04
  -1.1218931e+04
  -1.3380319e+04
  -9.8928681e+03
  -1.6739953e+04
  -1.2817073e+04
  -1.2251588e+04
  -1.4834220e+04
  -1.1858871e+04
  -1.1099938e+04
  -1.3994955e+04
  -1.4587072e+04
  -1.3757069e+04
  -1.0678956e+04
  -1.1392939e+04
  -1.4218209e+04
  -1.4425708e+04
  -1.2338687e+04
  -8.4874016e+03
  -5.5356318e+03
  -1.3550366e+04
  -1.0685535e+04
  -1.4486186e+04
  -1.3717743e+04
  -1.2512328e+04
  -1.0848223e+04
  -8.6301180e+03
  -5.5858624e+03
  -1.0380280e+04
  -1.2668382e+04
  -1.6849969e+04
  -2.0096188e+04
  -1.1328200e+04
  -1.4468746e+04
  -1.4273522e+04
  -1.3527166e+04
  -1.2335073e+04
  -1.0684982e+04
  -8.4873107e+03
  -5.5356166e+03
  -1.0419415e+04
  -1.2714776e+04
  -1.4483702e+04
  -1.6855587e+04
  -2.0098281e+04
  -1.1355721e+04
  -1.6807405e+04
  -1.5579642e+04
  -1.4005995e+04
  -1.1960161e+04
  -9.3025049e+03
  -6.0175279e+03
  -7.5977129e+04
  -4.2095078e+04
  -2.9781841e+04
  -2.3791397e+04
  -2.0259394e+04
  -1.8184426e+04
  -6.8789948e+04
  -8.7862807e+04
  -1.8859755e+04
  -1.6863475e+04
  -1.2920410e+04
  -8.6035555e+03
  -3.1418725e+04
  -2.0595543e+04
  -6.9687152e+03
  -1.0722603e+04
  -1.4983307e+04
  -1.7142302e+04
  -1.8310356e+04
  -4.3564634e+04
  -2.4770675e+04
  -5.0442643e+04
  -1.5419072e+04
  -1.3742834e+04
  -1.1656537e+04
  -9.1993194e+03
  -1.1669721e+04
  -5.1453208e+04
  -3.4003000e+04
  -2.5797210e+04
  -2.1205081e+04
  -1.7925846e+04
  -2.2325224e+04
  -1.3924932e+04
  -1.6199836e+04
  -1.8303612e+04
  -2.7797552e+04
  -1.6496998e+04
  -3.5440033e+04
  -2.0610953e+04
  -9.6819676e+03
  -1.6177563e+04
  -2.2019924e+04
  -1.4201420e+04
  -3.6762038e+04
  -2.7342621e+04
  -2.1969593e+04
  -1.8872817e+04
  -1.4451673e+04
  -1.7391706e+04
  -2.6393203e+04
  -1.9998030e+04
  -3.3121857e+04
  -1.1949421e+04
  -1.7882875e+04
  -2.2064910e+04
  -2.5095916e+04
  -2.8284564e+04
  -1.6740461e+04
  -1.3870313e+04
  -9.3178834e+03
  -4.2752248e+04
  -2.4030596e+04
  -1.8258049e+04
  -7.8141845e+04
  -7.6225947e+04
  -6.6682932e+04
  -4.2485934e+04
  -3.1000525e+04
  -2.4663402e+04
  -2.0455333e+04
  -1.8704338e+04
  -1.8283724e+04
  -1.7025569e+04
  -1.5134162e+04
  -1.2934740e+04
  -1.0610991e+04
  -8.2424717e+03
  -6.0954450e+03
  -1.5500285e+04
  -1.1801992e+04
  -6.5082588e+03
  -3.0175674e+04
  -2.0481178e+04
  -1.7162088e+04
  -1.1846417e+04
  -1.5151709e+04
  -1.3653163e+04
  -1.6610791e+04
  -3.5728596e+04
  -5.9926029e+04
  -4.9168660e+04
  -3.6094273e+04
  -2.7192729e+04
  -2.1020082e+04
  -1.8886525e+04
  -1.6390340e+04
  -1.3828944e+04
  -1.1413798e+04
  -8.9448909e+03
  -2.1542134e+04
  -1.8711911e+04
  -2.6349430e+04
  -4.1125565e+04
  -2.1756226e+04
  -1.6012058e+04
  -1.6871876e+04
  -2.4499124e+04
  -3.3472069e+04
  -2.2163910e+04
  -1.8791302e+04
  -2.0629966e+04
  -1.7354871e+04
  -1.4377604e+04
  -2.8101640e+04
  -1.4598440e+04
  -2.7625746e+04
  -1.7695754e+04
  -2.1769945e+04
   4.9692898e+04
   4.2917954e+04
   4.8071415e+03
  -5.7855519e+03
  -1.5954347e+04
  -1.6552357e+04
  -1.7861534e+04
  -1.9957526e+04
  -2.2620774e+04
  -2.5277893e+04
  -7.5577076e+03
  -9.7663017e+03
  -1.4214529e+04
  -1.9298493e+04
  -1.1517939e+04
  -5.5088606e+03
   1.0797562e+04
   4.1794417e+04
  -2.1816137e+04
  -1.7804364e+03
   1.7017074e+04
  -1.6736530e+04
  -1.1886088e+04
  -8.2142968e+03
  -9.0323243e+03
  -1.3465342e+04
   4.8400028e+00
   2.3231598e+04
  -1.3538582e+04
  -4.9008175e+03
  -1.3903324e+04
  -1.5831060e+04
  -1.7942827e+04
  -2.0303962e+04
  -1.6401666e+04
  -1.1067949e+04
  -5.9593040e+03
  -8.7281480e+03
  -7.9501271e+03
   2.6841834e+03
   1.6220839e+04
  -1.5911513e+02
  -1.3787406e+04
  -3.7998621e+03
  -1.8796219e+04
  -1.1120791e+04
   9.1566977e+03
   1.3551045e+04
  -1.0504266e+04
  -1.4617501e+04
  -1.0343485e+04
   2.7502575e+03
  -5.2578978e+03
  -6.5742256e+03
   2.5210141e+03
  -1.2621812e+04
   7.6291738e+03
  -3.6419638e+03
  -2.1929413e+03
  -1.6740980e+04
  -7.0672637e+03
  -1.3838259e+04
  -8.5725534e+03
   4.0458417e+02
  -5.8631364e+03
  -1.1230882e+04
  -9.9323525e+02
  -4.4425840e+04
  -2.2060791e+04
  -3.5688003e+04
  -6.9962549e+04
  -1.9288770e+04
  -1.8682408e+04
  -1.7118069e+04
  -1.5111567e+04
  -1.2871373e+04
  -1.0524326e+04
  -8.3370225e+03
  -7.6508292e+04
  -8.2523778e+04
  -2.9868784e+04
  -2.0351728e+04
  -1.7161040e+04
  -1.6770828e+04
  -1.3932259e+04
  -9.3596024e+03
  -6.1959524e+03
  -2.6510696e+04
  -4.7386277e+04
  -4.2134652e+04
  -2.3910587e+04
  -1.8197377e+04
  -1.5513156e+04
  -1.1878810e+04
  -6.6372931e+03
  -2.3105120e+04
  -2.9529744e+04
  -2.1552679e+04
  -9.2073391e+03
  -4.9855437e+04
  -2.1245948e+04
  -1.8770965e+04
  -1.6209306e+04
  -1.3630875e+04
  -1.1205845e+04
  -2.5906443e+04
  -1.1522466e+04
  -3.3496100e+04
  -1.3611825e+04
  -5.2146127e+04
  -1.6624701e+04
  -1.5572173e+04
  -1.8263008e+04
  -3.6738482e+04
  -4.6048036e+04
  -2.6928236e+04
  -1.9530197e+04
  -2.0079752e+04
  -1.6864551e+04
  -1.4051523e+04
  -2.2126237e+04
  -2.6494015e+04
  -1.3886012e+04
  -1.5727838e+04
  -2.3788170e+04
  -3.3881587e+04
  -1.1902018e+04
  -1.7316899e+04
  -2.0758101e+04
  -3.1193846e+04
  -1.6503224e+04
  -1.8539776e+04
  -2.5600037e+04
   1.1128088e+04
   2.3667862e+04
   1.7598863e+04
  -6.6305358e+03
   2.3646966e+04
   4.2146179e+04
  -6.7373262e+04
  -2.1823614e+04
  -9.7803057e+03
   8.3576241e+03
   6.2089478e+03
   5.4547924e+02
   4.0868873e+03
  -5.6625060e+02
  -3.2351230e+04
  -2.4432259e+04
  -2.9375369e+04
  -4.7881848e+04
  -1.9061423e+04
  -1.0271629e+04
  -1.6142273e+04
   5.3317477e+04
