  -7.9546770e+05
  -7.9543344e+05
  -7.9530728e+05
  -7.9571303e+05
  -7.9476158e+05
  -7.9566186e+05
  -7.9569403e+05
  -7.9563662e+05
  -7.9557956e+05
  -7.9549252e+05
  -7.9535118e+05
  -7.9511652e+05
  -7.9442705e+05
  -7.9512941e+05
  -7.9540857e+05
  -7.9553690e+05
  -7.9559371e+05
  -7.9562593e+05
  -7.9564687e+05
  -7.9567662e+05
  -7.9564376e+05
  -7.9563960e+05
  -7.9564117e+05
  -7.9564609e+05
  -7.9565401e+05
  -7.9566706e+05
  -7.9301606e+05
  -7.9219039e+05
  -7.9334782e+05
  -7.9569983e+05
  -7.9569486e+05
  -7.9577405e+05
  -7.9571942e+05
  -7.9577401e+05
  -7.9577456e+05
  -7.9576822e+05
  -7.9575440e+05
  -7.9573802e+05
  -7.9572322e+05
  -7.9571411e+05
  -7.9567282e+05
  -7.9566462e+05
  -7.9566194e+05
  -7.9566194e+05
  -7.9566402e+05
  -7.9566859e+05
  -7.9567795e+05
  -7.9569700e+05
  -7.9545373e+05
  -7.9559940e+05
  -7.9565500e+05
  -7.9569754e+05
  -7.9573764e+05
  -7.9576976e+05
  -7.9575730e+05
  -7.9553454e+05
  -7.9487599e+05
  -7.9470822e+05
  -7.9506746e+05
  -7.9549439e+05
  -7.9553202e+05
  -7.9558948e+05
  -7.9565635e+05
  -7.9566834e+05
  -7.9566842e+05
  -7.9566450e+05
  -7.9565798e+05
  -7.9564772e+05
  -7.9562412e+05
  -7.9569286e+05
  -7.9543528e+05
  -7.9569217e+05
  -7.9571042e+05
  -7.9570322e+05
  -7.9568609e+05
  -7.9572394e+05
  -7.9313398e+05
  -7.9516806e+05
  -7.9538864e+05
  -7.9564995e+05
  -7.9575795e+05
  -7.9577395e+05
  -7.9575554e+05
  -7.9572846e+05
  -7.9569483e+05
  -7.9569094e+05
  -7.9569140e+05
  -7.9569372e+05
  -7.9569715e+05
  -7.9570169e+05
  -7.9570891e+05
  -7.9576905e+05
  -7.9550375e+05
  -7.9554388e+05
  -7.9559986e+05
  -7.9561877e+05
  -7.9563668e+05
  -7.9565480e+05
  -7.9567422e+05
  -7.9569588e+05
  -7.9572048e+05
  -7.9574721e+05
  -7.9577010e+05
  -7.9576826e+05
  -7.9574321e+05
  -7.9571456e+05
  -7.9568554e+05
  -7.9564812e+05
  -7.9560298e+05
  -7.9562032e+05
  -7.9562303e+05
  -7.9562096e+05
  -7.9561495e+05
  -7.9557889e+05
  -7.9555869e+05
  -7.9549600e+05
  -7.9478919e+05
  -7.9477778e+05
  -7.9463212e+05
  -7.9527366e+05
  -7.9545968e+05
  -7.9555047e+05
  -7.9559910e+05
  -7.9561684e+05
  -7.9559782e+05
  -7.9560702e+05
  -7.9561197e+05
  -7.9561171e+05
  -7.9559606e+05
  -7.9555257e+05
  -7.9551803e+05
  -7.9546904e+05
  -7.9539395e+05
  -7.9527040e+05
  -7.9506315e+05
  -7.9551192e+05
  -7.9552010e+05
  -7.9552803e+05
  -7.9553548e+05
  -7.9554197e+05
  -7.9554700e+05
  -7.9554975e+05
  -7.9554919e+05
  -7.9553234e+05
  -7.9540075e+05
  -7.9472077e+05
  -7.9546770e+05
  -7.9570432e+05
  -7.9574804e+05
  -7.9472077e+05
  -7.9553234e+05
  -7.9554406e+05
  -7.9554925e+05
  -7.9554972e+05
  -7.9554692e+05
  -7.9554184e+05
  -7.9553533e+05
  -7.9552786e+05
  -7.9551992e+05
  -7.9551175e+05
  -7.9550358e+05
  -7.9549567e+05
  -7.9548835e+05
  -7.9548216e+05
  -7.9547781e+05
  -7.9547633e+05
  -7.9547896e+05
  -7.9548726e+05
  -7.9550280e+05
  -7.8893194e+05
  -7.9380753e+05
  -7.9472273e+05
  -7.9505516e+05
  -7.9522085e+05
  -7.9531936e+05
  -7.9538534e+05
  -7.9543406e+05
  -7.9547313e+05
  -7.9550708e+05
  -7.9553899e+05
  -7.9557112e+05
  -7.9560567e+05
  -7.9564458e+05
  -7.9568943e+05
  -7.9573895e+05
  -7.9577434e+05
  -7.9564028e+05
  -7.9313398e+05
  -7.9571910e+05
  -7.9571763e+05
  -7.9571557e+05
  -7.9571318e+05
  -7.9571066e+05
  -7.9570801e+05
  -7.9570535e+05
  -7.9570263e+05
  -7.9569700e+05
  -7.9576903e+05
  -7.9575602e+05
  -7.9574400e+05
  -7.9573376e+05
  -7.9572498e+05
  -7.9571716e+05
  -7.9570983e+05
  -7.9570258e+05
  -7.9568671e+05
  -7.9567693e+05
  -7.9566433e+05
  -7.9564691e+05
  -7.9562079e+05
  -7.9557665e+05
  -7.9548391e+05
  -7.9520318e+05
  -7.9427969e+05
  -7.9525498e+05
  -7.9550280e+05
  -7.9548719e+05
  -7.9547889e+05
  -7.9547632e+05
  -7.9547789e+05
  -7.9548233e+05
  -7.9548862e+05
  -7.8893194e+05
  -7.9381212e+05
  -7.9472552e+05
  -7.9505705e+05
  -7.9522225e+05
  -7.9532039e+05
  -7.9538623e+05
  -7.9543487e+05
  -7.9547391e+05
  -7.9550787e+05
  -7.9553985e+05
  -7.9557210e+05
  -7.9560684e+05
  -7.9564607e+05
  -7.9569127e+05
  -7.9574093e+05
  -7.9577441e+05
  -7.9561937e+05
  -7.9530728e+05
  -7.9568366e+05
  -7.9568223e+05
  -7.9568312e+05
  -7.9568535e+05
  -7.9568825e+05
  -7.9569135e+05
  -7.9569444e+05
  -7.9569744e+05
  -7.9570032e+05
  -7.9570311e+05
  -7.9570582e+05
  -7.9570848e+05
  -7.9571108e+05
  -7.9571360e+05
  -7.9571596e+05
  -7.9571793e+05
  -7.9571926e+05
  -7.9571931e+05
  -7.9571739e+05
  -7.9553849e+05
  -7.9554402e+05
  -7.9554805e+05
  -7.9554994e+05
  -7.9554879e+05
  -7.9554341e+05
  -7.9553234e+05
  -7.9555749e+05
  -7.9552693e+05
  -7.9549584e+05
  -7.9546195e+05
  -7.9542230e+05
  -7.9537222e+05
  -7.9530375e+05
  -7.9520121e+05
  -7.9502871e+05
  -7.9468367e+05
  -7.9374322e+05
  -7.8893194e+05
  -7.9550280e+05
  -7.9548771e+05
  -7.9547939e+05
  -7.9547641e+05
  -7.9547737e+05
  -7.9548121e+05
  -7.9548684e+05
  -7.9549363e+05
  -7.9550115e+05
  -7.9550894e+05
  -7.9551682e+05
  -7.9552461e+05
  -7.8893194e+05
  -7.9380753e+05
  -7.9472273e+05
  -7.9505516e+05
  -7.9522085e+05
  -7.9531936e+05
  -7.9538534e+05
  -7.9543406e+05
  -7.9547313e+05
  -7.9550708e+05
  -7.9553899e+05
  -7.9557112e+05
  -7.9560567e+05
  -7.9564458e+05
  -7.9568943e+05
  -7.9573895e+05
  -7.9577434e+05
  -7.9564028e+05
  -7.9313398e+05
  -7.9313398e+05
  -7.9560513e+05
  -7.9577417e+05
  -7.9575004e+05
  -7.9570456e+05
  -7.9566123e+05
  -7.9562313e+05
  -7.9553234e+05
  -7.9554406e+05
  -7.9554925e+05
  -7.9554972e+05
  -7.9554692e+05
  -7.9554184e+05
  -7.9553533e+05
  -7.9552786e+05
  -7.9551992e+05
  -7.9551175e+05
  -7.9550358e+05
  -7.9549567e+05
  -7.9548835e+05
  -7.9548216e+05
  -7.9547781e+05
  -7.9547633e+05
  -7.9547896e+05
  -7.9548726e+05
  -7.9550280e+05
  -7.9573286e+05
  -7.9574329e+05
  -7.9575561e+05
  -7.9576903e+05
  -7.9577231e+05
  -7.9525498e+05
  -7.9570784e+05
  -7.9570523e+05
  -7.9570256e+05
  -7.9569983e+05
  -7.9569700e+05
  -7.9569403e+05
  -7.9569102e+05
  -7.9568798e+05
  -7.9568519e+05
  -7.9568305e+05
  -7.9568223e+05
  -7.9568366e+05
  -7.9427969e+05
  -7.9533178e+05
  -7.9553317e+05
  -7.9560110e+05
  -7.9563628e+05
  -7.9565798e+05
  -7.9567294e+05
  -7.9568410e+05
  -7.9569309e+05
  -7.9570086e+05
  -7.9570806e+05
  -7.9571518e+05
  -7.9572269e+05
  -7.9573099e+05
  -7.9574055e+05
  -7.9575173e+05
  -7.9576447e+05
  -7.9577473e+05
  -7.9575155e+05
  -7.9525498e+05
  -7.9568366e+05
  -7.9568223e+05
  -7.9568312e+05
  -7.9568535e+05
  -7.9568825e+05
  -7.9569135e+05
  -7.9569444e+05
  -7.9569744e+05
  -7.9570032e+05
  -7.9570311e+05
  -7.9570582e+05
  -7.9570848e+05
  -7.9571108e+05
  -7.9571360e+05
  -7.9571596e+05
  -7.9571793e+05
  -7.9571926e+05
  -7.9571931e+05
  -7.9571739e+05
  -7.9568805e+05
  -7.9569603e+05
  -7.9570782e+05
  -7.9572305e+05
  -7.9574096e+05
  -7.9575994e+05
  -7.9577405e+05
  -7.9576473e+05
  -7.9568805e+05
  -7.9569603e+05
  -7.9570782e+05
  -7.9572305e+05
  -7.9574096e+05
  -7.9575994e+05
  -7.9577405e+05
  -7.9576473e+05
  -7.9559658e+05
  -7.9563888e+05
  -7.9559658e+05
  -7.9563888e+05
  -7.9570504e+05
  -7.9571299e+05
  -7.9571739e+05
  -7.9525498e+05
  -7.9577115e+05
  -7.9577005e+05
  -7.9575726e+05
  -7.9574519e+05
  -7.9573487e+05
  -7.9572605e+05
  -7.9571822e+05
  -7.9571094e+05
  -7.9570378e+05
  -7.9569625e+05
  -7.9568775e+05
  -7.9567749e+05
  -7.9566413e+05
  -7.9564524e+05
  -7.9561582e+05
  -7.9556288e+05
  -7.9543252e+05
  -7.9427969e+05
  -7.9571397e+05
  -7.9572688e+05
  -7.9571288e+05
  -7.9570469e+05
  -7.9569132e+05
  -7.9567066e+05
  -7.9563855e+05
  -7.9558581e+05
  -7.9548766e+05
  -7.9530728e+05
  -7.9530728e+05
  -7.9548905e+05
  -7.9558718e+05
  -7.9563985e+05
  -7.9567173e+05
  -7.9573219e+05
  -7.9575403e+05
  -7.9577281e+05
  -7.9576473e+05
  -7.9572688e+05
  -7.9571397e+05
  -7.9568366e+05
  -7.9563888e+05
  -7.9559658e+05
  -7.9568805e+05
  -7.9569603e+05
  -7.9570782e+05
  -7.9572305e+05
  -7.9574096e+05
  -7.9575994e+05
  -7.9577405e+05
  -7.9576473e+05
  -7.9568884e+05
  -7.9569860e+05
  -7.9571739e+05
  -7.9571397e+05
  -7.9572688e+05
  -7.9571288e+05
  -7.9570469e+05
  -7.9569132e+05
  -7.9567066e+05
  -7.9563855e+05
  -7.9558581e+05
  -7.9548766e+05
  -7.9572688e+05
  -7.9571397e+05
  -7.9571288e+05
  -7.9570469e+05
  -7.9569132e+05
  -7.9567066e+05
  -7.9563855e+05
  -7.9558581e+05
  -7.9548766e+05
  -7.9552483e+05
  -7.9555497e+05
  -7.9559347e+05
  -7.9563953e+05
  -7.9569096e+05
  -7.9574159e+05
  -7.9577346e+05
  -7.9575647e+05
  -7.9420038e+05
  -7.9508884e+05
  -7.9535258e+05
  -7.9547339e+05
  -7.9553868e+05
  -7.9557431e+05
  -7.9558073e+05
  -7.9427969e+05
  -7.8757492e+05
  -7.8185499e+05
  -7.9559659e+05
  -7.9560675e+05
  -7.9562709e+05
  -7.9565467e+05
  -7.9568559e+05
  -7.9571594e+05
  -7.9574094e+05
  -7.9575436e+05
  -7.9552483e+05
  -7.9555497e+05
  -7.9559347e+05
  -7.9563953e+05
  -7.9569096e+05
  -7.9574159e+05
  -7.9577346e+05
  -7.9575647e+05
  -7.9476564e+05
  -7.9515277e+05
  -7.9535678e+05
  -7.9547364e+05
  -7.9554655e+05
  -7.9420038e+05
  -7.9508884e+05
  -7.9535258e+05
  -7.9547339e+05
  -7.9553868e+05
  -7.9557431e+05
  -7.9558073e+05
  -7.8757492e+05
  -7.8185499e+05
  -7.9476564e+05
  -7.9515277e+05
  -7.9535678e+05
  -7.9547364e+05
  -7.9554655e+05
  -7.9559659e+05
  -7.9560675e+05
  -7.9562709e+05
  -7.9565467e+05
  -7.9568559e+05
  -7.9571594e+05
  -7.9574094e+05
  -7.9575436e+05
  -7.9567887e+05
  -7.9564326e+05
  -7.9559388e+05
  -7.9553038e+05
  -7.9546770e+05
  -7.9576003e+05
  -7.9577002e+05
  -7.9574354e+05
  -7.9571260e+05
  -7.9568110e+05
  -7.9564019e+05
  -7.9559658e+05
  -7.9563888e+05
  -7.8709283e+05
  -7.9037644e+05
  -7.9560967e+05
  -7.9575088e+05
  -7.9577477e+05
  -7.9576405e+05
  -7.9574498e+05
  -7.9551349e+05
  -7.9548428e+05
  -7.9544061e+05
  -7.9537638e+05
  -7.9528121e+05
  -7.9513747e+05
  -7.9492055e+05
  -7.9472077e+05
  -7.9572528e+05
  -7.9571793e+05
  -7.8687951e+05
  -7.9051072e+05
  -7.9560967e+05
  -7.9575088e+05
  -7.9577477e+05
  -7.9576405e+05
  -7.9574498e+05
  -7.9551349e+05
  -7.9548428e+05
  -7.9544061e+05
  -7.9537638e+05
  -7.9528121e+05
  -7.9513747e+05
  -7.9492055e+05
  -7.9472077e+05
  -7.9572520e+05
  -7.9571756e+05
  -7.9570220e+05
  -7.9567761e+05
  -7.9564191e+05
  -7.9559272e+05
  -7.9552967e+05
  -7.9546770e+05
  -7.9571644e+05
  -7.9570938e+05
  -7.9570234e+05
  -7.9569486e+05
  -7.9568633e+05
  -7.9567595e+05
  -7.9566238e+05
  -7.9564316e+05
  -7.9561327e+05
  -7.9555953e+05
  -7.9542730e+05
  -7.9563882e+05
  -7.9567947e+05
  -7.9571028e+05
  -7.9574050e+05
  -7.9576744e+05
  -7.9576831e+05
  -7.9555627e+05
  -7.9567078e+05
  -7.9570666e+05
  -7.9573766e+05
  -7.9575436e+05
  -7.9473114e+05
  -7.9504963e+05
  -7.9530955e+05
  -7.9545528e+05
  -7.9554066e+05
  -7.9552622e+05
  -7.9561090e+05
  -7.9559725e+05
  -7.9559722e+05
  -7.9564299e+05
  -7.9569373e+05
  -7.9574313e+05
  -7.9577371e+05
  -7.9575647e+05
  -7.9427969e+05
  -7.8194275e+05
  -7.8721407e+05
  -7.9089779e+05
  -7.9558194e+05
  -7.9556976e+05
  -7.9552506e+05
  -7.9543980e+05
  -7.9526439e+05
  -7.9553916e+05
  -7.9545052e+05
  -7.9529599e+05
  -7.9499510e+05
  -7.9458528e+05
  -7.9559659e+05
  -7.9560675e+05
  -7.9562709e+05
  -7.9565467e+05
  -7.9568559e+05
  -7.9571594e+05
  -7.9574094e+05
  -7.9575436e+05
  -7.8147414e+05
  -7.8876404e+05
  -7.9420038e+05
  -7.9508884e+05
  -7.9535258e+05
  -7.9547339e+05
  -7.9553868e+05
  -7.9557431e+05
  -7.9558073e+05
  -7.9552483e+05
  -7.9555497e+05
  -7.9559347e+05
  -7.9563953e+05
  -7.9569096e+05
  -7.9574159e+05
  -7.9577346e+05
  -7.9575647e+05
  -7.9539203e+05
  -7.9529886e+05
  -7.9515527e+05
  -7.9493378e+05
  -7.9574757e+05
  -7.9576834e+05
  -7.9577201e+05
  -7.9573146e+05
  -7.9564118e+05
  -7.9563882e+05
  -7.9567947e+05
  -7.9571028e+05
  -7.9574050e+05
  -7.9576744e+05
  -7.9576831e+05
  -7.9555627e+05
  -7.9261649e+05
  -7.8864824e+05
  -7.8736423e+05
  -7.9525498e+05
  -7.9574695e+05
  -7.9576735e+05
  -7.9577344e+05
  -7.9571674e+05
  -7.9553528e+05
  -7.9551552e+05
  -7.9549030e+05
  -7.9563882e+05
  -7.9567947e+05
  -7.9571028e+05
  -7.9574050e+05
  -7.9576744e+05
  -7.9576831e+05
  -7.9555627e+05
  -7.9067025e+05
  -7.8680684e+05
  -7.9572520e+05
  -7.9571756e+05
  -7.9570220e+05
  -7.9567761e+05
  -7.9564191e+05
  -7.9559272e+05
  -7.9552967e+05
  -7.9552967e+05
  -7.9559272e+05
  -7.9564191e+05
  -7.9567761e+05
  -7.9570220e+05
  -7.9571756e+05
  -7.9572520e+05
  -7.9492055e+05
  -7.9513747e+05
  -7.9528121e+05
  -7.9537638e+05
  -7.9544061e+05
  -7.9548428e+05
  -7.9551349e+05
  -7.9576805e+05
  -7.9575805e+05
  -7.9547955e+05
  -7.9548855e+05
  -7.9547955e+05
  -7.9548855e+05
  -7.9576805e+05
  -7.9575805e+05
  -7.9540075e+05
  -7.9543344e+05
  -7.9570432e+05
  -7.9574804e+05
  -7.9543344e+05
  -7.9540075e+05
  -7.9574803e+05
  -7.9570432e+05
  -7.9576805e+05
  -7.9576805e+05
  -7.9548855e+05
  -7.9547954e+05
  -7.9575805e+05
  -7.9548855e+05
  -7.9547954e+05
  -7.9575805e+05
  -7.9568223e+05
  -7.9568305e+05
  -7.9568519e+05
  -7.9568798e+05
  -7.9569102e+05
  -7.9540075e+05
  -7.9570432e+05
  -7.9574804e+05
  -7.9571307e+05
  -7.9571557e+05
  -7.9571770e+05
  -7.9571919e+05
  -7.9571935e+05
  -7.9543344e+05
  -7.9550282e+05
  -7.9570670e+05
  -7.9567415e+05
  -7.9559302e+05
  -7.9569426e+05
  -7.9564354e+05
  -7.9559914e+05
  -7.9551389e+05
  -7.9540724e+05
  -7.9542358e+05
  -7.9553316e+05
  -7.9559395e+05
  -7.9562727e+05
  -7.9563713e+05
  -7.9566162e+05
  -7.9572186e+05
  -7.9566252e+05
  -7.9569638e+05
  -7.9572863e+05
  -7.9575529e+05
  -7.9305825e+05
  -7.9521132e+05
  -7.9569275e+05
  -7.9574236e+05
  -7.9554350e+05
  -7.9552514e+05
  -7.9562461e+05
  -7.9559713e+05
  -7.9563460e+05
  -7.9565534e+05
  -7.9573001e+05
  -7.9567347e+05
  -7.9568298e+05
  -7.9570595e+05
  -7.9570241e+05
  -7.9561122e+05
  -7.9565280e+05
  -7.9567322e+05
  -7.9549995e+05
  -7.9506719e+05
  -7.9459849e+05
  -7.9377029e+05
  -7.9379891e+05
  -7.9463550e+05
  -7.9536398e+05
  -7.9554879e+05
  -7.9532909e+05
  -7.9411248e+05
  -7.9507071e+05
  -7.9548211e+05
  -7.9461258e+05
  -7.9565437e+05
  -7.9565255e+05
  -7.9565371e+05
  -7.9565810e+05
  -7.9566550e+05
  -7.9567773e+05
  -7.9575306e+05
  -7.9566309e+05
  -7.9529490e+05
  -7.9554415e+05
  -7.9561550e+05
  -7.9563274e+05
  -7.9562710e+05
  -7.9564162e+05
  -7.9561736e+05
  -7.9523503e+05
  -7.9536473e+05
  -7.9546293e+05
  -7.9553144e+05
  -7.9558007e+05
  -7.9564613e+05
  -7.9564911e+05
  -7.9565493e+05
  -7.9566210e+05
  -7.9546853e+05
  -7.9558910e+05
  -7.9562017e+05
  -7.9563400e+05
  -7.9565234e+05
  -7.9559720e+05
  -7.9563917e+05
  -7.9551090e+05
  -7.9562503e+05
  -7.9556535e+05
  -7.9548823e+05
  -7.9553923e+05
  -7.9561652e+05
  -7.9563023e+05
  -7.9561900e+05
  -7.9541917e+05
  -7.9557805e+05
  -7.9560877e+05
  -7.9560582e+05
  -7.9555700e+05
  -7.9561528e+05
  -7.9560081e+05
  -7.9558692e+05
  -7.9558457e+05
  -7.9571657e+05
  -7.9575056e+05
  -7.9565081e+05
  -7.9576769e+05
  -7.9574885e+05
  -7.9572336e+05
  -7.9567602e+05
  -7.9567011e+05
  -7.9566853e+05
  -7.9566920e+05
  -7.9567202e+05
  -7.9567804e+05
  -7.9571019e+05
  -7.9570279e+05
  -7.9569423e+05
  -7.9568713e+05
  -7.9575652e+05
  -7.9574210e+05
  -7.9572850e+05
  -7.9571705e+05
  -7.9570720e+05
  -7.9569814e+05
  -7.9568826e+05
  -7.9575977e+05
  -7.9573542e+05
  -7.9571521e+05
  -7.9568987e+05
  -7.9569888e+05
  -7.9570617e+05
  -7.9568690e+05
  -7.9568030e+05
  -7.9571049e+05
  -7.9572933e+05
  -7.9574023e+05
  -7.9574848e+05
  -7.9567864e+05
  -7.9571941e+05
  -7.9567546e+05
  -7.9567487e+05
  -7.9569269e+05
  -7.9570254e+05
  -7.9569771e+05
  -7.9573007e+05
  -7.9571640e+05
  -7.9570573e+05
  -7.9569663e+05
  -7.9567609e+05
  -7.9568830e+05
  -7.9568039e+05
  -7.9568307e+05
  -7.9569140e+05
  -7.9571647e+05
  -7.9570609e+05
  -7.9569722e+05
  -7.9568226e+05
  -7.9572253e+05
  -7.9570702e+05
  -7.9568233e+05
  -7.9569814e+05
  -7.9568920e+05
  -7.9571433e+05
  -7.9569703e+05
  -7.9570205e+05
  -7.9568713e+05
  -7.9570890e+05
  -7.9569025e+05
  -7.9559690e+05
  -7.9565088e+05
  -7.9569802e+05
  -7.9574116e+05
  -7.9577085e+05
  -7.9576231e+05
  -7.9567068e+05
  -7.9555037e+05
  -7.9552121e+05
  -7.9551393e+05
  -7.9538890e+05
  -7.9528465e+05
  -7.9576461e+05
  -7.9572779e+05
  -7.9553718e+05
  -7.9564672e+05
  -7.9571994e+05
  -7.9574487e+05
  -7.9545810e+05
  -7.9547174e+05
  -7.9568846e+05
  -7.9577456e+05
  -7.9559570e+05
  -7.9573786e+05
  -7.9576360e+05
  -7.9569583e+05
  -7.9563924e+05
  -7.9569951e+05
  -7.9573672e+05
  -7.9576826e+05
  -7.9577208e+05
  -7.9576316e+05
  -7.9554373e+05
  -7.9576784e+05
  -7.9573445e+05
  -7.9558525e+05
  -7.9565015e+05
  -7.9560422e+05
  -7.9569241e+05
  -7.9565777e+05
  -7.9565836e+05
  -7.9573168e+05
  -7.9576849e+05
  -7.9398924e+05
  -7.9566062e+05
  -7.9569091e+05
  -7.9572274e+05
  -7.9575481e+05
  -7.9577474e+05
  -7.9570483e+05
  -7.9472511e+05
  -7.9561440e+05
  -7.9569527e+05
  -7.9576465e+05
  -7.9558006e+05
  -7.9564737e+05
  -7.9565506e+05
  -7.9565525e+05
  -7.9565148e+05
  -7.9564544e+05
  -7.9563062e+05
  -7.9561714e+05
  -7.9557988e+05
  -7.9553328e+05
  -7.9544332e+05
  -7.9525357e+05
  -7.9491269e+05
  -7.9556393e+05
  -7.9557228e+05
  -7.9557877e+05
  -7.9559016e+05
  -7.9559457e+05
  -7.9561151e+05
  -7.9531037e+05
  -7.9551457e+05
  -7.9557366e+05
  -7.9549721e+05
  -7.9555807e+05
  -7.9560147e+05
  -7.9537186e+05
  -7.9557580e+05
  -7.9556881e+05
  -7.9558402e+05
  -7.9559591e+05
  -7.9544375e+05
  -7.9555524e+05
  -7.9535716e+05
  -7.9564404e+05
  -7.9564352e+05
  -7.9563814e+05
  -7.9563365e+05
  -7.9552177e+05
  -7.9558029e+05
  -7.9561614e+05
  -7.9563602e+05
  -7.9544775e+05
  -7.9559809e+05
  -7.9561571e+05
  -7.9558153e+05
  -7.9557388e+05
  -7.9555207e+05
  -7.9555604e+05
  -7.9550432e+05
  -7.9547486e+05
  -7.9559093e+05
  -7.9560744e+05
  -7.9543208e+05
  -7.9562387e+05
  -7.9559970e+05
  -7.9563496e+05
  -7.9548126e+05
  -7.9563181e+05
  -7.9555057e+05
  -7.9563008e+05
  -7.9557940e+05
  -7.9562621e+05
  -7.9559445e+05
  -7.9560372e+05
  -7.9561600e+05
  -7.9555868e+05
  -7.9558578e+05
  -7.9551820e+05
  -7.9561599e+05
  -7.9552118e+05
  -7.9562200e+05
  -7.9555503e+05
  -7.9560616e+05
  -7.9562030e+05
  -7.9558213e+05
  -7.9560831e+05
  -7.9560935e+05
  -7.9559885e+05
  -7.9559743e+05
  -7.9568087e+05
  -7.9567935e+05
  -7.9566114e+05
  -7.9562504e+05
  -7.9564129e+05
  -7.9563725e+05
  -7.9576646e+05
  -7.9573977e+05
  -7.9568221e+05
  -7.9566901e+05
  -7.9572173e+05
  -7.9576967e+05
  -7.9577438e+05
  -7.9568375e+05
  -7.9567137e+05
  -7.9564677e+05
  -7.9563425e+05
  -7.9564310e+05
  -7.9571043e+05
  -7.9576758e+05
  -7.9569518e+05
  -7.9574876e+05
  -7.9569996e+05
  -7.9575552e+05
  -7.9565656e+05
  -7.9569972e+05
  -7.9567511e+05
  -7.9574653e+05
  -7.9567469e+05
  -7.9576790e+05
  -7.9573001e+05
  -7.9567544e+05
  -7.9568625e+05
  -7.9566547e+05
  -7.9572180e+05
  -7.9570145e+05
  -7.9572291e+05
  -7.9570232e+05
  -7.9568476e+05
  -7.9572979e+05
  -7.9571358e+05
  -7.9574596e+05
  -7.9569075e+05
  -7.9569594e+05
  -7.9570649e+05
  -7.9552309e+05
  -7.9564795e+05
  -7.9559929e+05
  -7.9570656e+05
  -7.9572182e+05
  -7.9575317e+05
  -7.9577339e+05
  -7.9577031e+05
  -7.9575070e+05
  -7.9572774e+05
  -7.9568961e+05
  -7.9564951e+05
  -7.9559634e+05
  -7.9553392e+05
  -7.9577445e+05
  -7.9572903e+05
  -7.9566277e+05
  -7.9561608e+05
  -7.9557070e+05
  -7.9545098e+05
  -7.9534084e+05
  -7.9545869e+05
  -7.9576123e+05
  -7.9569460e+05
  -7.9560062e+05
  -7.9552316e+05
  -7.9570053e+05
  -7.9576904e+05
  -7.9575562e+05
  -7.9573616e+05
  -7.9570335e+05
  -7.9577458e+05
  -7.9565185e+05
  -7.9560105e+05
  -7.9561509e+05
  -7.9566040e+05
  -7.9564608e+05
  -7.9557150e+05
  -7.9574897e+05
  -7.9551023e+05
  -7.9570350e+05
  -7.9569474e+05
  -7.9567665e+05
  -7.9565956e+05
  -7.9564204e+05
  -7.9573030e+05
  -7.9426678e+05
  -7.9574260e+05
  -7.9575943e+05
  -7.9469180e+05
  -7.9561275e+05
  -7.9577259e+05
  -7.9575371e+05
  -7.9573901e+05
  -7.9551638e+05
  -7.9577467e+05
  -7.9576218e+05
  -7.9568828e+05
  -7.9568529e+05
  -7.9568592e+05
  -7.9568798e+05
  -7.9569178e+05
  -7.9569830e+05
  -7.9568945e+05
  -7.9568083e+05
  -7.9567278e+05
  -7.9566250e+05
  -7.9565143e+05
  -7.9562659e+05
  -7.9532528e+05
  -7.9540822e+05
  -7.9547907e+05
  -7.9554156e+05
  -7.9558839e+05
  -7.9568958e+05
  -7.9568359e+05
  -7.9567454e+05
  -7.9566511e+05
  -7.9565373e+05
  -7.9563918e+05
  -7.9561902e+05
  -7.9558561e+05
  -7.9550389e+05
  -7.9568494e+05
  -7.9567688e+05
  -7.9566817e+05
  -7.9565667e+05
  -7.9564864e+05
  -7.9564186e+05
  -7.9567995e+05
  -7.9567972e+05
  -7.9568287e+05
  -7.9567446e+05
  -7.9565816e+05
  -7.9566357e+05
  -7.9561976e+05
  -7.9565108e+05
  -7.9563317e+05
  -7.9568022e+05
  -7.9551781e+05
  -7.9555229e+05
  -7.9558578e+05
  -7.9567907e+05
  -7.9567084e+05
  -7.9566166e+05
  -7.9565095e+05
  -7.9563781e+05
  -7.9562095e+05
  -7.9559747e+05
  -7.9556063e+05
  -7.9566934e+05
  -7.9567399e+05
  -7.9565312e+05
  -7.9567252e+05
  -7.9556972e+05
  -7.9559138e+05
  -7.9561010e+05
  -7.9566459e+05
  -7.9565425e+05
  -7.9564297e+05
  -7.9562907e+05
  -7.9561107e+05
  -7.9566030e+05
  -7.9562002e+05
  -7.9563612e+05
  -7.9564692e+05
  -7.9566783e+05
  -7.9558873e+05
  -7.9565831e+05
  -7.9565087e+05
  -7.9563973e+05
  -7.9562265e+05
  -7.9560204e+05
  -7.9566466e+05
  -7.9569683e+05
  -7.9569958e+05
  -7.9570805e+05
  -7.9572564e+05
  -7.9575880e+05
  -7.9577393e+05
  -7.9571743e+05
  -7.9577411e+05
  -7.9574845e+05
  -7.9573100e+05
  -7.9570309e+05
  -7.9570612e+05
  -7.9570952e+05
  -7.9571292e+05
  -7.9569694e+05
  -7.9570323e+05
  -7.9571297e+05
  -7.9573999e+05
  -7.9576441e+05
  -7.9571417e+05
  -7.9570535e+05
  -7.9570996e+05
  -7.9572353e+05
  -7.9570246e+05
  -7.9575964e+05
  -7.9570794e+05
  -7.9574229e+05
  -7.9574546e+05
  -7.9573098e+05
  -7.9576225e+05
  -7.9572082e+05
  -7.9571599e+05
  -7.9571594e+05
  -7.9572549e+05
  -7.9571185e+05
  -7.9574312e+05
  -7.9572697e+05
  -7.9563901e+05
  -7.9565275e+05
  -7.9566831e+05
  -7.9568533e+05
  -7.9570389e+05
  -7.9572388e+05
  -7.9574370e+05
  -7.9575894e+05
  -7.9574075e+05
  -7.9571702e+05
  -7.9569332e+05
  -7.9566345e+05
  -7.9562613e+05
  -7.9562973e+05
  -7.9563446e+05
  -7.9563007e+05
  -7.9560785e+05
  -7.9561878e+05
  -7.9563352e+05
  -7.9564571e+05
  -7.9563969e+05
  -7.9562592e+05
  -7.9561302e+05
  -7.9563032e+05
  -7.9563974e+05
  -7.9565860e+05
  -7.9567305e+05
  -7.9568895e+05
  -7.9570423e+05
  -7.9571983e+05
  -7.9573319e+05
  -7.9567183e+05
  -7.9571867e+05
  -7.9567656e+05
  -7.9563363e+05
  -7.9563826e+05
  -7.9564339e+05
  -7.9566434e+05
  -7.9565582e+05
  -7.9569551e+05
  -7.9564733e+05
  -7.9567460e+05
  -7.9568784e+05
  -7.9570076e+05
  -7.9570778e+05
  -7.9566288e+05
  -7.9565342e+05
  -7.9564693e+05
  -7.9567324e+05
  -7.9568592e+05
  -7.9564793e+05
  -7.9566075e+05
  -7.9533089e+05
  -7.9555729e+05
  -7.9558943e+05
  -7.9549175e+05
  -7.9559270e+05
  -7.9559850e+05
  -7.9560314e+05
  -7.9560095e+05
  -7.9557664e+05
  -7.9555348e+05
  -7.9548609e+05
  -7.9534864e+05
  -7.9524552e+05
  -7.9557133e+05
  -7.9556589e+05
  -7.9557641e+05
  -7.9555446e+05
  -7.9550434e+05
  -7.9542277e+05
  -7.9551882e+05
  -7.9543082e+05
  -7.9556905e+05
  -7.9557706e+05
  -7.9558928e+05
  -7.9559427e+05
  -7.9558614e+05
  -7.9547463e+05
  -7.9550653e+05
  -7.9556889e+05
  -7.9557732e+05
  -7.9554224e+05
  -7.9554205e+05
  -7.9557570e+05
  -7.9551088e+05
  -7.9558437e+05
  -7.9557072e+05
  -7.9553716e+05
  -7.9555592e+05
  -7.9558159e+05
  -7.9556936e+05
  -7.9554484e+05
  -7.9556343e+05
  -7.9546645e+05
  -7.9530733e+05
  -7.9576280e+05
  -7.9577490e+05
  -7.9574319e+05
  -7.9551734e+05
  -7.9443271e+05
  -7.9566080e+05
  -7.9572373e+05
  -7.9577465e+05
  -7.9461265e+05
  -7.9404921e+05
  -7.9574389e+05
  -7.9571529e+05
  -7.9564541e+05
  -7.9553736e+05
  -7.9545134e+05
  -7.9557023e+05
  -7.9561408e+05
  -7.9575595e+05
  -7.9569137e+05
  -7.9569900e+05
  -7.9573551e+05
  -7.9568501e+05
  -7.9559575e+05
  -7.9559995e+05
  -7.9552155e+05
  -7.9546115e+05
  -7.9557848e+05
  -7.9577163e+05
  -7.9570832e+05
  -7.9538125e+05
  -7.9576655e+05
  -7.9565025e+05
  -7.9569611e+05
  -7.9565834e+05
  -7.9576616e+05
  -7.9576744e+05
  -7.9569183e+05
  -7.9564624e+05
  -7.9561027e+05
  -7.9556380e+05
  -7.9572583e+05
  -7.9575230e+05
  -7.9554355e+05
  -7.9573673e+05
  -7.9560069e+05
  -7.9562060e+05
  -7.9569607e+05
  -7.9571653e+05
  -7.9577481e+05
  -7.9566489e+05
  -7.9563673e+05
  -7.9573251e+05
  -7.9575957e+05
  -7.9560287e+05
  -7.9573204e+05
  -7.9565205e+05
  -7.9576279e+05
  -7.9574460e+05
  -7.9568603e+05
  -7.9577096e+05
  -7.9569413e+05
  -7.9573657e+05
  -7.9576954e+05
  -7.9577467e+05
  -7.9570987e+05
  -7.9574061e+05
  -7.9576958e+05
  -7.9576490e+05
  -7.9563394e+05
  -7.9563839e+05
  -7.9562743e+05
  -7.9561571e+05
  -7.9560144e+05
  -7.9558729e+05
  -7.9557560e+05
  -7.9556694e+05
  -7.9501647e+05
  -7.9538633e+05
  -7.9550879e+05
  -7.9556915e+05
  -7.9561374e+05
  -7.9565404e+05
  -7.9570262e+05
  -7.9576543e+05
  -7.9575693e+05
  -7.9565873e+05
  -7.9569146e+05
  -7.9571894e+05
  -7.9574622e+05
  -7.9577107e+05
  -7.9497937e+05
  -7.9529332e+05
  -7.9543935e+05
  -7.9551613e+05
  -7.9555931e+05
  -7.9557696e+05
  -7.9564072e+05
  -7.9563228e+05
  -7.9562220e+05
  -7.9560799e+05
  -7.9559414e+05
  -7.9558129e+05
  -7.9557086e+05
  -7.9556367e+05
  -7.9546083e+05
  -7.9525898e+05
  -7.9554264e+05
  -7.9559382e+05
  -7.9563365e+05
  -7.9567632e+05
  -7.9573353e+05
  -7.9567381e+05
  -7.9558747e+05
  -7.9563502e+05
  -7.9565654e+05
  -7.9561793e+05
  -7.9560121e+05
  -7.9558422e+05
  -7.9556405e+05
  -7.9564286e+05
  -7.9566280e+05
  -7.9560955e+05
  -7.9549162e+05
  -7.9553431e+05
  -7.9574283e+05
  -7.9542687e+05
  -7.9531398e+05
  -7.9569558e+05
  -7.9567601e+05
  -7.9564205e+05
  -7.9571845e+05
  -7.9576372e+05
  -7.9557383e+05
  -7.9567177e+05
  -7.9569720e+05
  -7.9572125e+05
  -7.9574420e+05
  -7.9562625e+05
  -7.9541688e+05
  -7.9549564e+05
  -7.9554951e+05
  -7.9565021e+05
  -7.9565868e+05
  -7.9559274e+05
  -7.9557696e+05
  -7.9562551e+05
  -7.9560796e+05
  -7.9556771e+05
  -7.9558194e+05
  -7.9573899e+05
  -7.9564775e+05
  -7.9567420e+05
  -7.9550843e+05
  -7.9546289e+05
  -7.9570229e+05
  -7.9559495e+05
  -7.9569878e+05
  -7.9568147e+05
  -7.9552756e+05
  -7.9565796e+05
  -7.9572123e+05
  -7.9568418e+05
  -7.9559037e+05
  -7.9563915e+05
  -7.9561730e+05
  -7.9563767e+05
  -7.9560662e+05
  -7.9557127e+05
  -7.9554429e+05
  -7.9566692e+05
  -7.9565371e+05
  -7.9571736e+05
  -7.9562731e+05
  -7.9560845e+05
  -7.9566860e+05
  -7.9569407e+05
  -7.9567285e+05
  -7.9557752e+05
  -7.9568272e+05
  -7.9562432e+05
  -7.9568834e+05
  -7.9555527e+05
  -7.9560572e+05
  -7.9570154e+05
  -7.9561971e+05
  -7.9559520e+05
  -7.9561009e+05
  -7.9564630e+05
  -7.9563353e+05
  -7.9565942e+05
  -7.9574704e+05
  -7.9564730e+05
  -7.9565660e+05
  -7.9566797e+05
  -7.9567676e+05
  -7.9568584e+05
  -7.9569419e+05
  -7.9570238e+05
  -7.9571028e+05
  -7.9531177e+05
  -7.9551082e+05
  -7.9557915e+05
  -7.9561494e+05
  -7.9563768e+05
  -7.9565369e+05
  -7.9566604e+05
  -7.9567634e+05
  -7.9568576e+05
  -7.9569467e+05
  -7.9570354e+05
  -7.9571304e+05
  -7.9572387e+05
  -7.9573656e+05
  -7.9575157e+05
  -7.9576830e+05
  -7.9576902e+05
  -7.9571746e+05
  -7.9562503e+05
  -7.9558445e+05
  -7.9553211e+05
  -7.9546384e+05
  -7.9575120e+05
  -7.9577446e+05
  -7.9564990e+05
  -7.9566346e+05
  -7.9567234e+05
  -7.9568128e+05
  -7.9569014e+05
  -7.9569821e+05
  -7.9570651e+05
  -7.9571285e+05
  -7.9541654e+05
  -7.9576859e+05
  -7.9573197e+05
  -7.9566354e+05
  -7.9563124e+05
  -7.9569794e+05
  -7.9568132e+05
  -7.9567555e+05
  -7.9569217e+05
  -7.9568674e+05
  -7.9576706e+05
  -7.9571850e+05
  -7.9565126e+05
  -7.9571036e+05
  -7.9553819e+05
  -7.9559042e+05
  -7.9561831e+05
  -7.9563756e+05
  -7.9565180e+05
  -7.9566331e+05
  -7.9567334e+05
  -7.9568274e+05
  -7.9569190e+05
  -7.9570116e+05
  -7.9571146e+05
  -7.9572334e+05
  -7.9573712e+05
  -7.9575271e+05
  -7.9561696e+05
  -7.9565755e+05
  -7.9557887e+05
  -7.9554040e+05
  -7.9564217e+05
  -7.9552810e+05
  -7.9575137e+05
  -7.9566959e+05
  -7.9570397e+05
  -7.9573433e+05
  -7.9573408e+05
  -7.9566846e+05
  -7.9562315e+05
  -7.9566088e+05
  -7.9569568e+05
  -7.9557642e+05
  -7.9560669e+05
  -7.9562833e+05
  -7.9564377e+05
  -7.9565586e+05
  -7.9566600e+05
  -7.9567499e+05
  -7.9568389e+05
  -7.9569236e+05
  -7.9570153e+05
  -7.9571226e+05
  -7.9572442e+05
  -7.9574645e+05
  -7.9557519e+05
  -7.9571137e+05
  -7.9572117e+05
  -7.9560481e+05
  -7.9565289e+05
  -7.9568216e+05
  -7.9570361e+05
  -7.9568864e+05
  -7.9573758e+05
  -7.9564561e+05
  -7.9567556e+05
  -7.9563744e+05
  -7.9560348e+05
  -7.9570267e+05
  -7.9567137e+05
  -7.9572138e+05
  -7.9564019e+05
  -7.9565232e+05
  -7.9566214e+05
  -7.9568520e+05
  -7.9569267e+05
  -7.9571418e+05
  -7.9563427e+05
  -7.9562295e+05
  -7.9572884e+05
  -7.9568529e+05
  -7.9562265e+05
  -7.9567841e+05
  -7.9567905e+05
  -7.9499557e+05
  -7.9538963e+05
  -7.9550914e+05
  -7.9557007e+05
  -7.9561310e+05
  -7.9565379e+05
  -7.9570486e+05
  -7.9576393e+05
  -7.9563642e+05
  -7.9563919e+05
  -7.9562821e+05
  -7.9561194e+05
  -7.9559992e+05
  -7.9558709e+05
  -7.9557570e+05
  -7.9556811e+05
  -7.9557287e+05
  -7.9496524e+05
  -7.9529828e+05
  -7.9544011e+05
  -7.9551699e+05
  -7.9556115e+05
  -7.9565993e+05
  -7.9569222e+05
  -7.9572052e+05
  -7.9574693e+05
  -7.9577027e+05
  -7.9576235e+05
  -7.9525805e+05
  -7.9546207e+05
  -7.9554321e+05
  -7.9559290e+05
  -7.9563280e+05
  -7.9567727e+05
  -7.9573495e+05
  -7.9577289e+05
  -7.9563448e+05
  -7.9564137e+05
  -7.9562018e+05
  -7.9560545e+05
  -7.9559355e+05
  -7.9558120e+05
  -7.9557116e+05
  -7.9553521e+05
  -7.9543106e+05
  -7.9560817e+05
  -7.9558818e+05
  -7.9564163e+05
  -7.9562545e+05
  -7.9567632e+05
  -7.9565829e+05
  -7.9571984e+05
  -7.9557638e+05
  -7.9563181e+05
  -7.9569742e+05
  -7.9549378e+05
  -7.9566529e+05
  -7.9567152e+05
  -7.9567522e+05
  -7.9559279e+05
  -7.9561779e+05
  -7.9560129e+05
  -7.9560959e+05
  -7.9558406e+05
  -7.9557329e+05
  -7.9564004e+05
  -7.9576898e+05
  -7.9528580e+05
  -7.9542152e+05
  -7.9549967e+05
  -7.9555219e+05
  -7.9564915e+05
  -7.9570204e+05
  -7.9572167e+05
  -7.9574341e+05
  -7.9556474e+05
  -7.9574511e+05
  -7.9565753e+05
  -7.9562540e+05
  -7.9563945e+05
  -7.9563679e+05
  -7.9564354e+05
  -7.9556505e+05
  -7.9560947e+05
  -7.9568679e+05
  -7.9562550e+05
  -7.9566533e+05
  -7.9561779e+05
  -7.9569551e+05
  -7.9567675e+05
  -7.9549309e+05
  -7.9572096e+05
  -7.9565461e+05
  -7.9571193e+05
  -7.9559550e+05
  -7.9562787e+05
  -7.9554699e+05
  -7.9560709e+05
  -7.9568474e+05
  -7.9565391e+05
  -7.9558231e+05
  -7.9551591e+05
  -7.9553383e+05
  -7.9559141e+05
  -7.9570099e+05
  -7.9566835e+05
  -7.9557201e+05
  -7.9562140e+05
  -7.9569636e+05
  -7.9559652e+05
  -7.9563611e+05
  -7.9564707e+05
  -7.9555824e+05
  -7.9561110e+05
  -7.9560695e+05
  -7.9567257e+05
  -7.9564764e+05
  -7.9568164e+05
  -7.9566680e+05
  -7.9565976e+05
  -7.9557756e+05
  -7.9553724e+05
  -7.9564849e+05
  -7.9565667e+05
  -7.9566856e+05
  -7.9567759e+05
  -7.9568577e+05
  -7.9569425e+05
  -7.9570240e+05
  -7.9571058e+05
  -7.9571452e+05
  -7.9562644e+05
  -7.9577344e+05
  -7.9574348e+05
  -7.9571762e+05
  -7.9569803e+05
  -7.9567997e+05
  -7.9565938e+05
  -7.9562560e+05
  -7.9555538e+05
  -7.9529728e+05
  -7.9547565e+05
  -7.9558710e+05
  -7.9576918e+05
  -7.9577427e+05
  -7.9576565e+05
  -7.9574907e+05
  -7.9573095e+05
  -7.9565059e+05
  -7.9566286e+05
  -7.9567343e+05
  -7.9568159e+05
  -7.9569002e+05
  -7.9569832e+05
  -7.9570651e+05
  -7.9575960e+05
  -7.9572949e+05
  -7.9570744e+05
  -7.9568892e+05
  -7.9567047e+05
  -7.9564511e+05
  -7.9559777e+05
  -7.9547216e+05
  -7.9553837e+05
  -7.9539412e+05
  -7.9563225e+05
  -7.9562704e+05
  -7.9567051e+05
  -7.9565169e+05
  -7.9568137e+05
  -7.9557371e+05
  -7.9566516e+05
  -7.9569543e+05
  -7.9576753e+05
  -7.9545063e+05
  -7.9552444e+05
  -7.9574721e+05
  -7.9570553e+05
  -7.9566695e+05
  -7.9564357e+05
  -7.9567640e+05
  -7.9560484e+05
  -7.9565634e+05
  -7.9571910e+05
  -7.9564247e+05
  -7.9567592e+05
  -7.9554114e+05
  -7.9550047e+05
  -7.9575955e+05
  -7.9575084e+05
  -7.9573398e+05
  -7.9561968e+05
  -7.9565906e+05
  -7.9568689e+05
  -7.9569237e+05
  -7.9573002e+05
  -7.9568578e+05
  -7.9570387e+05
  -7.9557995e+05
  -7.9571633e+05
  -7.9571079e+05
  -7.9569799e+05
  -7.9563407e+05
  -7.9569630e+05
  -7.9562290e+05
  -7.9567751e+05
  -7.9560746e+05
  -7.9559613e+05
  -7.9574045e+05
  -7.9561728e+05
  -7.9556186e+05
  -7.9557876e+05
  -7.9568262e+05
  -7.9568671e+05
  -7.9566278e+05
  -7.9563592e+05
  -7.9572217e+05
  -7.9570333e+05
  -7.9570582e+05
  -7.9565870e+05
  -7.9566823e+05
  -7.9564712e+05
  -7.9567612e+05
  -7.9568907e+05
  -7.9565601e+05
  -7.9571022e+05
  -7.9566897e+05
  -7.9572831e+05
  -7.9564789e+05
  -7.9568968e+05
  -7.9562939e+05
  -7.9571542e+05
  -7.9561909e+05
  -7.9569593e+05
  -7.9566249e+05
  -7.9571351e+05
  -7.9559892e+05
  -7.9567177e+05
  -7.9568069e+05
  -7.9563671e+05
  -7.9568662e+05
  -7.9569758e+05
  -7.9565192e+05
  -7.9564129e+05
  -7.9565608e+05
  -7.9570334e+05
  -7.9569343e+05
  -7.9564797e+05
  -7.9564418e+05
  -7.9567929e+05
  -7.9572967e+05
  -7.9575567e+05
  -7.9565957e+05
  -7.9570322e+05
  -7.9564309e+05
  -7.9565672e+05
  -7.9567660e+05
  -7.9570104e+05
  -7.9572815e+05
  -7.9575536e+05
  -7.9570729e+05
  -7.9567414e+05
  -7.9559654e+05
  -7.9552116e+05
  -7.9569435e+05
  -7.9564346e+05
  -7.9564692e+05
  -7.9565997e+05
  -7.9567935e+05
  -7.9570322e+05
  -7.9572967e+05
  -7.9575567e+05
  -7.9570678e+05
  -7.9567339e+05
  -7.9564319e+05
  -7.9559642e+05
  -7.9552111e+05
  -7.9569396e+05
  -7.9559746e+05
  -7.9562246e+05
  -7.9565170e+05
  -7.9568508e+05
  -7.9572056e+05
  -7.9575216e+05
  -7.9212901e+05
  -7.9465834e+05
  -7.9521713e+05
  -7.9541923e+05
  -7.9551706e+05
  -7.9556719e+05
  -7.9279093e+05
  -7.9090097e+05
  -7.9555142e+05
  -7.9559627e+05
  -7.9567005e+05
  -7.9572843e+05
  -7.9515410e+05
  -7.9550844e+05
  -7.9574447e+05
  -7.9570272e+05
  -7.9563388e+05
  -7.9559033e+05
  -7.9556427e+05
  -7.9457961e+05
  -7.9538930e+05
  -7.9417378e+05
  -7.9562560e+05
  -7.9565631e+05
  -7.9568962e+05
  -7.9572178e+05
  -7.9568938e+05
  -7.9410670e+05
  -7.9504748e+05
  -7.9535653e+05
  -7.9549232e+05
  -7.9557305e+05
  -7.9546164e+05
  -7.9565313e+05
  -7.9561003e+05
  -7.9556444e+05
  -7.9528916e+05
  -7.9560396e+05
  -7.9498468e+05
  -7.9550797e+05
  -7.9571607e+05
  -7.9561049e+05
  -7.9547014e+05
  -7.9564822e+05
  -7.9492461e+05
  -7.9530503e+05
  -7.9547158e+05
  -7.9555113e+05
  -7.9564371e+05
  -7.9558487e+05
  -7.9533693e+05
  -7.9552360e+05
  -7.9508512e+05
  -7.9568524e+05
  -7.9557400e+05
  -7.9546895e+05
  -7.9537900e+05
  -7.9527199e+05
  -7.9559887e+05
  -7.9565408e+05
  -7.9572038e+05
  -7.9462310e+05
  -7.9541205e+05
  -7.9556551e+05
  -7.9192462e+05
  -7.9209772e+05
  -7.9296711e+05
  -7.9463883e+05
  -7.9517046e+05
  -7.9539258e+05
  -7.9551201e+05
  -7.9555510e+05
  -7.9556487e+05
  -7.9559285e+05
  -7.9563103e+05
  -7.9566982e+05
  -7.9570422e+05
  -7.9573225e+05
  -7.9575164e+05
  -7.9562400e+05
  -7.9568747e+05
  -7.9574831e+05
  -7.9520251e+05
  -7.9551134e+05
  -7.9558991e+05
  -7.9568676e+05
  -7.9563072e+05
  -7.9565785e+05
  -7.9560159e+05
  -7.9497217e+05
  -7.9351398e+05
  -7.9425330e+05
  -7.9495529e+05
  -7.9531019e+05
  -7.9549722e+05
  -7.9555074e+05
  -7.9560612e+05
  -7.9565477e+05
  -7.9569307e+05
  -7.9572473e+05
  -7.9548332e+05
  -7.9555496e+05
  -7.9533846e+05
  -7.9471070e+05
  -7.9547745e+05
  -7.9561386e+05
  -7.9559609e+05
  -7.9539759e+05
  -7.9507016e+05
  -7.9546617e+05
  -7.9555308e+05
  -7.9550744e+05
  -7.9558567e+05
  -7.9564506e+05
  -7.9527830e+05
  -7.9564105e+05
  -7.9529512e+05
  -7.9557815e+05
  -7.9547702e+05
  -7.9420217e+05
  -7.9460845e+05
  -7.9575998e+05
  -7.9575393e+05
  -7.9561493e+05
  -7.9560282e+05
  -7.9557443e+05
  -7.9552462e+05
  -7.9545315e+05
  -7.9537305e+05
  -7.9573908e+05
  -7.9571506e+05
  -7.9564799e+05
  -7.9554089e+05
  -7.9569162e+05
  -7.9575583e+05
  -7.9570159e+05
  -7.9465630e+05
  -7.9547588e+05
  -7.9577286e+05
  -7.9559153e+05
  -7.9559894e+05
  -7.9568618e+05
  -7.9573256e+05
  -7.9572372e+05
  -7.9566103e+05
  -7.9577467e+05
  -7.9543266e+05
  -7.9565981e+05
  -7.9575982e+05
  -7.9565349e+05
  -7.9561747e+05
  -7.9557265e+05
  -7.9551586e+05
  -7.9560591e+05
  -7.9569800e+05
  -7.9575260e+05
  -7.9572708e+05
  -7.9573526e+05
  -7.9577032e+05
  -7.9560837e+05
  -7.9577473e+05
  -7.9565549e+05
  -7.9576572e+05
  -7.9555299e+05
  -7.9569729e+05
  -7.9572160e+05
  -7.9565781e+05
  -7.9570559e+05
  -7.9564069e+05
  -7.9570773e+05
  -7.9576983e+05
  -7.9575748e+05
  -7.9574775e+05
  -7.9577055e+05
  -7.9567484e+05
  -7.9573758e+05
  -7.9576650e+05
  -7.9577180e+05
  -7.9559885e+05
  -7.9574354e+05
  -7.9565461e+05
  -7.9572874e+05
  -7.9577451e+05
  -7.9575336e+05
  -7.9569571e+05
  -7.9577408e+05
  -7.9452675e+05
  -7.9546914e+05
  -7.9497369e+05
  -7.9268205e+05
  -7.9554117e+05
  -7.9555560e+05
  -7.9559083e+05
  -7.9563146e+05
  -7.9567086e+05
  -7.9570535e+05
  -7.9573127e+05
  -7.9208446e+05
  -7.9146706e+05
  -7.9521391e+05
  -7.9551469e+05
  -7.9558993e+05
  -7.9559823e+05
  -7.9565300e+05
  -7.9571988e+05
  -7.9575085e+05
  -7.9533305e+05
  -7.9436169e+05
  -7.9465622e+05
  -7.9541571e+05
  -7.9556690e+05
  -7.9562375e+05
  -7.9568631e+05
  -7.9574723e+05
  -7.9543941e+05
  -7.9522657e+05
  -7.9548303e+05
  -7.9572168e+05
  -7.9421093e+05
  -7.9549127e+05
  -7.9555348e+05
  -7.9560982e+05
  -7.9565820e+05
  -7.9569604e+05
  -7.9535296e+05
  -7.9569155e+05
  -7.9506948e+05
  -7.9565856e+05
  -7.9406151e+05
  -7.9560131e+05
  -7.9562261e+05
  -7.9556535e+05
  -7.9492551e+05
  -7.9444005e+05
  -7.9531905e+05
  -7.9553528e+05
  -7.9552152e+05
  -7.9559623e+05
  -7.9565090e+05
  -7.9546729e+05
  -7.9533355e+05
  -7.9565378e+05
  -7.9561953e+05
  -7.9541917e+05
  -7.9505279e+05
  -7.9568594e+05
  -7.9558653e+05
  -7.9550413e+05
  -7.9516291e+05
  -7.9560383e+05
  -7.9555893e+05
  -7.9536287e+05
  -7.9569584e+05
  -7.9541198e+05
  -7.9557611e+05
  -7.9574733e+05
  -7.9541959e+05
  -7.9463984e+05
  -7.9290617e+05
  -7.9547566e+05
  -7.9571490e+05
  -7.9572976e+05
  -7.9575049e+05
  -7.9577457e+05
  -7.9576425e+05
  -7.9577468e+05
  -7.9511549e+05
  -7.9539964e+05
  -7.9523210e+05
  -7.9433059e+05
  -7.9554645e+05
  -7.9570867e+05
  -7.9561115e+05
  -7.9398451e+05
