            0  608111.8318204              0  608111.8318204 
      2.5e-12  587360.3487373  49060.51967232  624768.7749843 
        5e-12  561533.3868458   95310.531279  639964.4329849 
      7.5e-12  531135.4514802  137807.1202865  654204.3590411 
        1e-11  496842.186771  175857.2539021  667905.6401889 
     1.25e-11  459340.7329456  208960.4845875  681248.9552931 
      1.5e-11  419315.944879  236812.3047458  694243.3359283 
     1.75e-11  377545.4742101  259200.3120437  706787.3464527 
        2e-11  334820.8309317  276057.3327302  718727.5011716 
     2.25e-11  291982.2847989  287410.1289679  729924.1171206 
      2.5e-11  249889.144626  293493.5241699  740244.7658856 
     2.75e-11  209300.8625317  294625.1457456  749637.090006 
        3e-11  170947.3165527  291286.6394471  758111.6617255 
     3.25e-11  135431.7565816  284015.8141332  765747.3867914 
      3.5e-11  103195.900306  273475.5566685  772626.5279572 
     3.75e-11  74528.38077906  260291.003215  778844.5465631 
        4e-11  49568.79221779  245106.1099101  784513.2905617 
     4.25e-11  28350.72312437  228606.8542394  789698.8207997 
      4.5e-11  10770.08784312  211332.7864231  794468.4768548 
     4.75e-11  -3370.99833233  193821.9425906  798877.1505122 
        5e-11  -14292.21690543  176535.4029668  802950.2246142 
     5.25e-11  -22333.19743269  159883.267579  806701.9912052 
      5.5e-11  -27816.78365394  144170.2142672  810168.2351225 
     5.75e-11  -31106.18805123  129639.7695571  813361.785359 
        6e-11  -32584.44087523  116469.1001886  816301.7170383 
     6.25e-11  -32560.81626827  104767.6891214  819000.7475319 
      6.5e-11  -31405.80347728  94589.67077481  821482.9252946 
     6.75e-11  -29425.76521783  85949.7536562  823760.3924553 
        7e-11  -26919.47929754  78816.5685104  825844.0520339 
     7.25e-11  -24153.12793312  73101.66176254  827755.0293994 
      7.5e-11  -21371.64376082  68687.27512203  829512.0274009 
     7.75e-11  -18723.49401322  65435.93513794  831111.5835458 
        8e-11  -16312.92791715  63195.37192261  832560.6972542 
     8.25e-11  -14317.96451755  61817.5725122  833908.3295615 
      8.5e-11  -12775.78399235  61144.16049108  835135.4292253 
     8.75e-11  -11763.50452386  61025.84426321  836260.6312096 
        9e-11  -11331.5860373  61309.2824207  837294.7916061 
     9.25e-11  -11452.15612752  61815.14794246  838227.8867871 
      9.5e-11  -12098.24292722  62449.44209381  839071.5731847 
     9.75e-11  -13287.45859729  63068.93153362  839898.5309646 
        1e-10  -15005.82431939  63629.01328689  840707.3179855 
    1.025e-10  -17089.22013726  63947.60157103  841360.3978446 
     1.05e-10  -19529.40636483  64053.01392694  841974.5099373 
    1.075e-10  -22228.2891152  63889.20097655  842694.0597156 
      1.1e-10  -25128.11119906  63398.27077031  843245.7270909 
    1.125e-10  -28196.56862729  62560.11828377  843582.1932835 
     1.15e-10  -31311.18448699  61403.58745526  843950.5678355 
    1.175e-10  -34467.57430023  59904.24552392  844365.3102639 
      1.2e-10  -37569.86158657  58015.86942933  844985.4493787 
    1.225e-10  -40616.05744834  55789.9305725  845542.619364 
     1.25e-10  -43497.20965127  53252.86149455  845986.5217385 
    1.275e-10  -46165.39703413  50416.47265661  846398.6052586 
      1.3e-10  -48569.32745461  47330.57464384  846790.2073943 
    1.325e-10  -50693.02027289  44021.90953392  847178.2245124 
     1.35e-10  -52532.6987997  40553.8015696  847532.3674002 
    1.375e-10  -54064.11392784  36944.55395085  847864.3466498 
      1.4e-10  -55258.79197151  33232.93231659  848180.4876214 
    1.425e-10  -56152.31674925  29461.53860193  848473.948228 
     1.45e-10  -56728.59361272  25694.59199328  848758.2867295 
    1.475e-10  -57011.38823172  21973.50634666  849030.9722558 
      1.5e-10  -57037.40175087  18342.21287602  849288.7690272 
    1.525e-10  -56783.49367834  14769.56798871  849533.8134727 
     1.55e-10  -56246.62902406  11277.51209474  849778.1263453 
    1.575e-10  -55465.19057231   7922.2775976  850014.9745932 
      1.6e-10  -54467.22969459  4728.664780191  850245.9838805 
    1.625e-10  -53324.14835865  1741.133630454  850458.3062802 
     1.65e-10  -52003.18452982  -1061.751134239  850656.684623 
    1.675e-10  -50519.33711464  -3698.881161054  850846.9920354 
      1.7e-10  -48919.68972655  -6176.540650188  851033.0549283 
    1.725e-10  -47229.66532282  -8460.824159394  851212.5110553 
     1.75e-10  -45499.10574573  -10551.39145528  851378.922654 
    1.775e-10  -43705.70181777  -12449.82505606  851534.7462697 
      1.8e-10  -41874.91826159  -14178.02003031  851680.6695992 
    1.825e-10  -40015.55412234  -15743.54196981  851816.9302684 
     1.85e-10  -38127.2632669  -17143.01125028  851947.2505848 
    1.875e-10  -36249.2492179  -18395.7756688  852084.4633717 
      1.9e-10  -34379.81232695  -19501.92383669  852208.2408579 
    1.925e-10  -32530.33270427  -20471.28144808  852332.2743781 
     1.95e-10  -30708.63790034  -21313.85479872  852445.1809812 
    1.975e-10  -28956.85982923  -21980.30530727  852559.5531288 
        2e-10  -27252.91573644  -22550.92884722  852673.7681558 
    2.025e-10  -25609.34154045  -23000.08730214  852783.4666664 
     2.05e-10  -23999.34019256  -23402.32481292  852898.4994425 
    2.075e-10  -22451.47377817  -23720.18087995  853024.3393179 
      2.1e-10  -20938.76411332  -23990.29283403   853156.29399 
    2.125e-10  -19460.04887228  -24212.02827944  853287.6323689 
     2.15e-10  -17993.81396797  -24373.6818773  853293.7652353 
    2.175e-10  -16552.20636954  -24481.86252482  853245.0363319 
      2.2e-10  -15135.22607699  -24536.57022201  853141.4456586 
    2.225e-10  -13759.58140983  -24550.32288116  853178.8510451 
     2.25e-10  -12427.45607443  -24516.18264108  853273.0012667 
    2.275e-10  -11140.99012293  -24434.56380594  853425.9081248 
      2.3e-10  -9921.884472326  -24284.12834725  853586.5039626 
    2.325e-10  -8734.386607351  -24094.91851917  853715.3749603 
     2.35e-10  -7572.936493554  -23877.36509479  853829.1434389 
    2.375e-10  -6468.075010465  -23614.31918276  853959.2953442 
      2.4e-10  -5390.693110318  -23329.18200307  854097.4030833 
    2.425e-10  -4340.790793113  -23021.95355572  854243.4666562 
     2.45e-10  -3302.477634963  -22675.84840355  854216.5565389 
    2.475e-10  -2287.68324629  -22297.47409407  854206.2958962 
      2.5e-10  -1309.450157025  -21882.90108015  854146.501571 
    2.525e-10  -398.5174395643  -21423.31648316  854129.1657679 
     2.55e-10  444.8799024762  -20925.48796921  854109.0252208 
    2.575e-10  1278.387278745  -20414.78928301  854110.4144287 
      2.6e-10  2068.856890771  -19848.08398849  854205.4938014 
    2.625e-10  2857.756116558  -19281.68240396  854295.6487702 
     2.65e-10  3596.662722303  -18719.99512879  854282.1501138 
    2.675e-10  4265.628038131  -18109.17737256  854291.5966507 
      2.7e-10  4912.353008649  -17491.13371124  854305.8237903 
    2.725e-10  5503.135246075  -16857.87686814  854334.1140596 
     2.75e-10  6055.664141706  -16217.01880975  854351.3748048 
    2.775e-10  6578.211408702  -15570.20318521  854359.9909955 
      2.8e-10  7053.795206915  -14907.03571438  854381.4461087 
    2.825e-10  7497.579779021  -14232.79631741  854411.5945278 
     2.85e-10  7915.368453377  -13549.50561024  854448.8497328 
    2.875e-10  8293.746504237  -12872.28379965  854468.6753102 
      2.9e-10  8623.693787432  -12211.29780576  854454.5728243 
    2.925e-10  8914.323466286  -11556.2758633  854423.210849 
     2.95e-10  9169.536113221  -10908.01374469  854387.9387052 
    2.975e-10  9421.733799804  -10270.74939226  854444.082605 
        3e-10  9643.907084588  -9633.515548161  854482.3708373 
