            0  608111.8318204              0  608111.8318204 
      2.5e-12  586420.9888342  48534.53302892  624544.1138447 
        5e-12  559817.7881171  94306.59936289  639576.1873392 
      7.5e-12  529563.2179692  136516.9581759  654167.2796835 
        1e-11  495410.5718665  173953.6398832  668139.7014207 
     1.25e-11  458255.2500919  206663.9318779  681823.522432 
      1.5e-11  418927.0336747  234376.3204907  695470.5084059 
     1.75e-11  378135.2008248  256879.270147  708148.4639401 
        2e-11  336194.644395  273971.2976649  720099.5135061 
     2.25e-11  293904.3738313  285252.0046241  731408.9646781 
      2.5e-11  252557.8423058  291638.7827739  741580.9475383 
     2.75e-11  212420.537795  293198.9566295  750853.5130959 
        3e-11  174474.2965198  290284.7628618  759598.9669495 
     3.25e-11  139198.0561235  283622.5625372  767217.7347898 
      3.5e-11  106870.4797422  273572.4469224  773941.808274 
     3.75e-11  78226.46616469  261107.7799954  780522.1976828 
        4e-11  53192.16555012  246724.918181  786010.3516894 
     4.25e-11  31740.42516517  230782.1388933  790503.6564509 
      4.5e-11  13584.44965886  214034.5007474  795174.3477511 
     4.75e-11  -1178.049714418  196537.8339947  799383.8930751 
        5e-11  -12669.07973577  179180.9707191  803252.040484 
     5.25e-11  -21189.54555616  162420.9141719  806883.0833065 
      5.5e-11  -27110.09812338  146559.2714292  810266.2511152 
     5.75e-11  -30766.11135902  131804.8621896  813438.4599711 
        6e-11  -32563.1539683  118423.506143  816364.911441 
     6.25e-11  -32818.02777994  106510.4951418  819067.7624746 
      6.5e-11  -31874.98227805  96085.92271239  821566.2475128 
     6.75e-11  -30053.14684376  87197.6669565  823820.620173 
        7e-11  -27599.88959318  79814.56376438  825881.8311736 
     7.25e-11  -24780.11089565  73861.98682395  827780.9403696 
      7.5e-11  -21845.55543339  69286.39085054  829570.1876068 
     7.75e-11  -19173.32531798  66277.08865997  831122.0004898 
        8e-11  -16931.05328011  64571.46324137  832502.0623879 
     8.25e-11  -15172.48863794  63570.2639104  833814.468606 
      8.5e-11  -13931.53588429  63070.57475505  835072.2895127 
     8.75e-11  -13259.56306278  63044.35811613  836131.6647457 
        9e-11  -12950.22068408  63319.9017654  837064.5637386 
     9.25e-11  -13332.45744183  63535.43530737  838200.9342337 
      9.5e-11  -14293.52634151  63814.95535788  839427.686813 
     9.75e-11  -15597.65381011  64009.27393066  840318.1984357 
        1e-10  -17191.72077353  64142.45628744  841122.6565503 
    1.025e-10  -19115.92975169  64021.10905638  841598.2327447 
     1.05e-10  -21359.85377804  63709.63351714  841854.398515 
    1.075e-10  -23616.34362769  63146.40601886  841916.6331376 
      1.1e-10  -26039.61832418  62364.03026339  841775.4166458 
    1.125e-10  -28637.36174312  61358.21691233  841638.3315428 
     1.15e-10  -31470.57784355  60094.91197568  843153.4204492 
    1.175e-10  -34507.05273006  58592.09808422  845450.4140673 
      1.2e-10  -37657.62383626  56811.08091808  847943.4437881 
    1.225e-10  -40386.02590914  54576.26717156  847682.5316215 
     1.25e-10  -42964.5972111  52066.08796656  847393.3397904 
    1.275e-10  -45341.36911674  49247.12318138  847234.3352806 
      1.3e-10  -47294.21575757  45944.69307533  847523.8816431 
    1.325e-10  -49098.65635192  42471.31626073  847968.342924 
     1.35e-10  -50386.48469364  38916.98977696  848069.6050366 
    1.375e-10  -51327.85136347  35308.37507687  847940.7035071 
      1.4e-10  -52017.10483096  31801.08827557  848360.9135289 
    1.425e-10  -52478.81725588  28385.25347093  849276.7160613 
     1.45e-10  -52901.36121678  25028.41059244  849633.8115966 
    1.475e-10  -52944.00405906  21736.59695901  849734.8720906 
      1.5e-10  -52626.47564454  18435.94198307  849845.0810404 
    1.525e-10  -52207.84693473  15330.57529426  849931.3700173 
     1.55e-10  -51311.20547337  13148.5520162  849904.5628655 
    1.575e-10  -50414.56401201  10966.52873814  849877.7557137 
      1.6e-10  -49517.92255065  8784.505460085  849850.9485619 
    1.625e-10  -48681.51157636  6495.79626479  850000.1489259 
     1.65e-10  -47977.71532983  3861.357773022  850600.0112184 
    1.675e-10  -46920.83298504  1383.692280331  850784.4556543 
      1.7e-10  -45546.15208999  -862.8076625431  851288.651879 
    1.725e-10  -44171.47119494  -3109.307605417  851792.8481036 
     1.75e-10  -42838.18638405  -5145.518504891  851832.5093773 
    1.775e-10  -41501.32997329  -7027.786660941  851940.8029138 
      1.8e-10  -39967.58832422  -8662.644536238  851968.6104191 
    1.825e-10  -38236.22044124  -10056.26462284  851626.9755243 
     1.85e-10  -36504.85255826  -11449.88470945  851285.3406295 
    1.875e-10  -34872.80535655  -12806.96209829  851339.9995609 
      1.9e-10  -33442.03421207  -14041.8706763  851876.5157953 
    1.925e-10  -31919.24760417  -15077.86909656  852213.965221 
     1.95e-10  -30371.37625824  -16048.75758311  852643.0788821 
    1.975e-10  -28863.8788334  -16934.93119972  852790.3450423 
        2e-10  -27398.048782  -17722.78622894  852776.4876578 
    2.025e-10  -25939.44803477  -18460.2476812  853131.8724005 
     2.05e-10  -24496.22562486  -19096.73748017  853074.1374065 
    2.075e-10  -23064.64051969  -19664.52896747  853250.6614725 
      2.1e-10  -21647.39110528  -20141.89750219  853256.9432878 
    2.125e-10  -20250.78270883  -20551.74143323  853393.2164354 
     2.15e-10  -18878.55459609  -20851.87914808  853406.3243771 
    2.175e-10  -17531.39252205  -21100.25279197  853491.6170323 
      2.2e-10  -16209.62075526  -21292.95654949  853590.5660607 
    2.225e-10  -14920.57146798  -21407.10111918  853581.9305245 
     2.25e-10  -13665.78647068  -21469.47270142  853679.5710762 
    2.275e-10  -12434.54892351  -21494.91084472  853792.0999083 
      2.3e-10  -11246.80846059  -21447.78818734  853745.8069225 
    2.325e-10  -10089.84626828  -21365.0351878  853834.7764857 
     2.35e-10  -8956.322577071  -21254.47037491  853980.026446 
    2.375e-10  -7874.649737444  -21077.19192289  853892.4030984 
      2.4e-10  -6821.234101202  -20875.1137523  853983.739734 
    2.425e-10  -5794.271123041  -20647.22761354  854108.3791783 
     2.45e-10  -4809.698630779  -20372.45128142  853999.8647024 
    2.475e-10  -3859.266925979  -20073.53818807  854150.1094628 
      2.5e-10  -2943.636680405  -19741.4392585  854160.1198311 
    2.525e-10  -2061.887332543  -19381.51681972  854154.5038494 
     2.55e-10  -1210.350863405  -19002.05567157  854271.2896168 
    2.575e-10  -404.9737871872  -18583.64228082  854190.5711886 
      2.6e-10  366.2869904565  -18150.4706644  854295.5019339 
    2.625e-10  1098.831524848  -17691.17430174  854306.9906185 
     2.65e-10  1798.826174028  -17212.0866257  854268.996763 
    2.675e-10  2463.798126778  -16722.93219571  854409.5141517 
      2.7e-10  3080.083678624  -16207.23716921  854359.6393334 
    2.725e-10  3668.861675878  -15683.02801549  854357.2991987 
     2.75e-10  4231.401948919  -15155.44121216  854513.8179291 
    2.775e-10  4738.75694108  -14604.99981865  854411.9739909 
      2.8e-10  5222.178610934  -14053.92941829  854455.511559 
    2.825e-10  5678.885666611  -13499.6485576  854557.1350119 
     2.85e-10  6092.298220556  -12931.32790799  854435.5779364 
    2.875e-10  6477.134855396  -12368.29952269  854565.1410813 
      2.9e-10  6743.136153876  -11710.59039779  854375.310708 
    2.925e-10  6946.619597147  -11001.97188145  854004.6078516 
     2.95e-10  7150.103040418  -10293.35336512  853633.9049953 
    2.975e-10  7353.58648369  -9584.734848781  853263.202139 
        3e-10  7557.069926961  -8876.116332446  852892.4992826 
