            0  608111.8318204              0  608111.8318204 
      2.5e-12  587493.220582  49135.08333018  624802.4122982 
        5e-12  561611.9088615  95438.83136085  639936.3001347 
      7.5e-12  531142.8553207  137980.4640242  654128.9373766 
        1e-11  496778.7675743  176066.7611626  667793.6646653 
     1.25e-11  459196.6485344  209211.8988568  681127.692871 
      1.5e-11  419101.2165286  237076.6699294  694146.2160165 
     1.75e-11  377241.1960733  259453.828104  706736.1888596 
        2e-11  334422.0857242  276266.9432964  718723.3101451 
     2.25e-11   291487.29076  287574.754721  729934.5340722 
      2.5e-11  249289.3506622  293578.8972811  740250.5551526 
     2.75e-11  208642.0203564  294622.1955911  749626.7798495 
        3e-11  170265.3139341  291170.9118937  758087.5398959 
     3.25e-11  134766.6970869  283810.1659768  765707.8520973 
      3.5e-11  102583.6686074  273163.7311674  772587.3622742 
     3.75e-11  73994.1044864  259888.9324315  778819.3326524 
        4e-11  49136.84316313  244648.9486285  784493.8026122 
     4.25e-11  28025.29539902  228078.9285166  789694.2423525 
      4.5e-11  10563.09390904  210773.8264711  794482.9869391 
     4.75e-11  -3446.719998677  193258.1897499  798899.7367762 
        5e-11  -14265.79119184  175992.4030146  802977.2583103 
     5.25e-11  -22204.70479894  159364.9260458  806741.2252604 
      5.5e-11  -27605.81625305  143691.2041951  810212.6565043 
     5.75e-11  -30828.13941127  129215.298592  813410.1097379 
        6e-11  -32238.92990138  116111.9485111  816350.6400122 
     6.25e-11  -32167.07546471  104485.3444278  819050.4092379 
      6.5e-11  -30992.19749945  94404.95599523  821531.6686665 
     6.75e-11  -29018.23683847  85865.81784858  823807.0100037 
        7e-11  -26524.40803372  78818.84824645  825890.0428033 
     7.25e-11  -23764.72392891  73181.28998099  827795.7221085 
      7.5e-11  -20959.38269412  68841.08379846  829538.6583532 
     7.75e-11  -18290.83692986  65666.34838816  831132.491775 
        8e-11  -15909.73696314  63508.58385849  832590.2516688 
     8.25e-11  -13933.03934897  62210.17694329  833924.2187499 
      8.5e-11  -12445.52137395  61610.54806241  835145.9436943 
     8.75e-11  -11502.68203115  61550.06501836  836266.3217362 
        9e-11  -11130.92491641  61877.18315826  837295.1483559 
     9.25e-11  -11338.69758845  62448.45337156  838242.7902333 
      9.5e-11  -12103.62052769  63126.41973262  839116.0769187 
     9.75e-11  -13398.59314566  63793.48239817  839926.8145675 
        1e-10  -15169.98352785  64353.17705347  840676.8005338 
    1.025e-10  -17359.4008551  64727.26080438  841374.7085902 
     1.05e-10  -19901.01745302  64846.8130702  842024.3974832 
    1.075e-10  -22723.7941153  64658.64137506  842631.7331388 
      1.1e-10  -25750.99572621  64124.06622313  843201.6823669 
    1.125e-10  -28909.35727184  63221.80565388  843737.5603293 
     1.15e-10  -32129.85370221  61944.61068494  844243.2205666 
    1.175e-10  -35340.96545058  60285.59437453  844723.5289737 
      1.2e-10  -38479.24105288  58261.23871612  845179.5132693 
    1.225e-10  -41485.54125491  55893.69246936  845613.4736954 
     1.25e-10  -44310.16711054  53211.60580947  846028.034053 
    1.275e-10  -46911.22454014  50248.23302795  846423.972475 
      1.3e-10  -49253.71343141  47042.32916895  846803.1954358 
    1.325e-10  -51310.54094637  43634.94683178  847166.594799 
     1.35e-10  -53061.50873871  40070.71150792  847514.9904214 
    1.375e-10  -54495.94378406  36391.86590742  847849.1968821 
      1.4e-10  -55610.91044357  32638.87908285  848169.1347433 
    1.425e-10  -56403.70281418  28853.88984719  848476.235434 
     1.45e-10  -56880.23773968  25075.8709299  848770.4683713 
    1.475e-10  -57054.60889582  21341.08130145  849052.1963114 
      1.5e-10  -56942.5139583  17680.61659882  849321.2910538 
    1.525e-10  -56562.70425883  14121.94777201  849578.4618149 
     1.55e-10  -55936.35568753  10688.91163234  849823.7232404 
    1.575e-10  -55093.22952011  7404.04826006  850057.211347 
      1.6e-10  -54051.07744289  4280.676845151  850279.9011084 
    1.625e-10  -52832.47609001  1334.522846508  850493.1180043 
     1.65e-10  -51465.5997167  -1429.974931462  850694.0608415 
    1.675e-10  -49976.89602516  -4010.054435081  850886.9954865 
      1.7e-10  -48380.95862197  -6407.036152031  851070.1004073 
    1.725e-10  -46698.94842022  -8619.198447766  851243.5230561 
     1.75e-10  -44953.14710664  -10643.28498812  851409.2237061 
    1.775e-10  -43163.77373986  -12489.94448055  851565.1316412 
      1.8e-10  -41345.61134791  -14166.12203891  851714.723049 
    1.825e-10  -39510.08470563  -15678.03281705  851856.6781631 
     1.85e-10  -37670.17402878  -17033.98806813  851990.9243247 
    1.875e-10  -35837.03798465  -18243.57313657  852120.5187828 
      1.9e-10  -34019.9060266  -19317.29369193  852241.8388155 
    1.925e-10  -32224.02537352  -20264.00934181  852357.9279989 
     1.95e-10  -30454.75057219  -21091.7941987  852469.1106229 
    1.975e-10  -28717.58149388  -21809.75931748   852575.11667 
        2e-10  -27016.7344078  -22427.24821428  852676.092873 
    2.025e-10  -25357.29994832  -22954.56044273  852773.246233 
     2.05e-10  -23737.28833667  -23397.46826501  852865.8263651 
    2.075e-10  -22157.14973512  -23762.83979671  852954.1369585 
      2.1e-10  -20617.89203974  -24057.60933173  853038.7916279 
    2.125e-10  -19117.97855355  -24287.19240167  853118.933749 
     2.15e-10  -17656.84197709  -24457.03526475  853196.2319586 
    2.175e-10  -16233.67429284  -24570.19931563  853269.7828039 
      2.2e-10  -14847.53362721  -24630.52973797  853339.8623986 
    2.225e-10  -13497.48350523  -24641.39656071  853407.5734876 
     2.25e-10  -12182.47082796  -24605.57547022  853471.3223015 
    2.275e-10  -10901.66312852  -24525.44610847  853533.1927155 
      2.3e-10  -9654.493020039  -24402.50793413  853592.1160358 
    2.325e-10  -8440.402881215  -24238.4344513  853647.805986 
     2.35e-10  -7259.131498558  -24034.62182428  853701.696575 
    2.375e-10  -6110.732114191  -23792.96380778  853753.0706271 
      2.4e-10  -4995.231378175  -23514.31317622  853802.5856851 
    2.425e-10  -3912.784757264  -23199.58376235  853850.0321751 
     2.45e-10  -2863.7544095  -22849.83375598  853895.2172976 
    2.475e-10  -1848.813421795  -22466.14705368  853938.6006248 
      2.5e-10  -868.683498911  -22050.37234534  853980.0464739 
    2.525e-10  76.10377400865  -21603.47955118  854019.7346447 
     2.55e-10  984.8608134307  -21126.72049302  854057.7264713 
    2.575e-10  1856.757775845  -20621.61149984  854094.0383216 
      2.6e-10  2690.969243548  -20089.84108921  854128.7388348 
    2.625e-10  3486.310493869  -19533.44954751  854162.2639427 
     2.65e-10  4242.54565085  -18953.85430737  854194.1972048 
    2.675e-10  4959.142226121  -18352.90052742  854224.6604312 
      2.7e-10  5635.468935104  -17732.59281812  854254.095279 
    2.725e-10  6271.093819485  -17095.04266016  854281.7944774 
     2.75e-10  6865.834001176  -16442.69941152  854308.7082702 
    2.775e-10  7419.504984495  -15777.24232978  854334.3061782 
      2.8e-10  7932.269917597  -15100.87238107  854358.5819269 
    2.825e-10  8404.782489014  -14415.86173881  854382.2672401 
     2.85e-10  8836.592191301  -13724.49114449  854404.2958859 
    2.875e-10  9228.38864542  -13027.75229507  854425.9033717 
      2.9e-10  9580.060000827  -12328.38087429  854446.6998331 
    2.925e-10  9891.884324373  -11629.26850394  854466.2731438 
     2.95e-10  10165.35698336  -10931.57862339  854484.9793992 
    2.975e-10   10401.837893  -10237.19008994  854502.8236838 
        3e-10  10602.03218933  -9547.91660316  854519.9116595 
